Centro
11.1 34.39 23.59 2.26 22.14 20.4 66.1 4.2
38.43 41.45 9.61 3.11 29.87 17.3 54.8 1.2
13.58 17.52 13.24 2.1 21.26 25.3 64.0 3.2
29.92 25.2 15.22 2.62 23.06 24.0 70.7 2.3
12.36 40.99 6.89 2.19 34.71 19.7 55.1 5.5
27.76 34.08 7.63 1.85 24.87 27.6 77.0 4.0
35.84 40.99 24.01 2.01 32.36 16.9 60.8 1.9
11.92 37.74 15.47 1.69 33.92 16.5 59.9 1.7
11.73 42.94 18.47 2.92 17.61 19.2 71.5 1.5
15.69 25.1 9.77 2.35 16.51 24.1 55.4 4.0
30.68 29.64 7.78 2.04 14.84 20.1 69.2 5.1
17.21 42.46 29.05 2.07 28.09 21.6 66.2 5.7
29.56 34.54 8.18 2.13 11.01 22.1 66.5 4.0
39.8 20.45 27.57 3.3 26.75 27.5 55.2 4.6
39.51 29.32 26.22 3.36 18.22 23.7 78.1 5.4
32.91 44.6 21.48 1.77 10.53 22.3 73.6 5.4
22.68 19.48 27.43 2.55 33.93 26.6 69.7 2.7
35.09 26.53 29.1 2.45 10.04 27.4 76.7 2.6
24.59 32.2 15.19 1.84 8.08 22.7 74.2 5.3
22.22 43.5 6.58 2.44 15.91 23.9 64.8 4.2
17.76 29.73 21.74 2.02 15.25 20.6 57.2 3.7
15.96 35.15 29.82 2.0 18.58 17.4 77.8 1.3
38.37 44.69 19.85 3.29 28.81 26.5 61.8 1.1
15.69 33.83 6.0 3.13 19.69 16.2 63.8 2.4
12.78 40.31 11.54 2.26 10.61 21.5 53.2 2.3
34.38 28.3 16.62 1.57 18.99 16.9 62.0 3.7
35.37 40.9 8.9 1.97 16.41 20.3 82.0 3.7
27.06 29.92 15.55 3.22 9.41 17.5 62.0 4.2
30.54 39.85 26.69 2.69 11.61 21.2 55.9 5.5
26.3 22.08 9.51 3.42 15.65 23.9 63.7 5.1
31.99 42.79 18.04 2.65 13.44 21.6 55.9 4.4
10.41 19.35 14.21 1.74 17.05 21.5 58.9 3.6
19.32 18.96 11.46 3.08 17.56 27.5 73.5 2.5
31.1 44.58 7.69 1.77 11.34 20.3 53.2 2.1
24.55 43.76 24.38 3.4 31.64 26.9 63.5 4.9
36.09 25.49 10.9 1.62 26.28 23.6 69.3 5.7
13.59 40.48 27.1 2.14 23.35 27.8 54.5 3.7
25.72 35.49 15.18 3.17 15.7 22.7 67.6 3.2
26.56 29.0 7.84 2.91 33.34 18.1 70.4 2.9
29.65 35.05 8.71 1.54 30.68 17.9 83.4 1.2
20.03 26.58 11.32 1.96 11.21 22.5 70.4 4.1
24.76 38.67 23.71 1.82 14.66 15.1 61.4 5.4
22.05 25.54 25.13 2.54 30.98 23.1 83.7 4.5
23.46 33.34 26.65 3.17 25.06 19.0 84.9 1.9
25.88 22.16 28.21 1.54 31.71 21.7 75.4 5.2
17.54 41.12 19.11 1.81 8.0 23.1 80.8 3.2
17.16 41.98 6.72 1.82 19.76 22.2 55.9 2.7
15.88 42.62 24.74 1.7 25.58 20.3 51.9 4.8
36.88 33.85 26.15 3.11 16.11 22.4 63.3 1.9
30.05 17.7 8.9 1.84 26.28 23.8 82.4 2.6
19.45 39.9 13.4 2.17 34.21 17.3 66.4 2.8
25.5 34.67 16.65 1.6 33.28 24.0 80.6 5.2
36.22 27.06 5.96 2.95 22.14 16.3 51.5 3.2
29.83 26.41 8.37 3.14 27.36 21.1 52.6 3.1
12.14 38.79 13.43 1.64 31.45 21.7 77.1 5.5
38.43 39.09 22.87 3.25 13.25 22.8 65.9 1.5
26.39 32.19 7.91 3.17 28.0 16.2 82.6 5.8
31.61 26.07 19.22 1.94 16.76 24.8 67.7 2.0
28.72 25.4 22.26 2.36 12.74 15.3 50.7 4.1
14.81 29.91 8.04 2.38 24.6 17.6 70.8 4.2
10.61 28.81 20.39 1.96 23.95 25.7 57.8 2.3
18.66 33.98 8.8 2.66 8.46 19.7 52.2 5.3
34.38 34.36 6.78 2.45 29.74 24.2 78.9 2.9
17.97 18.04 5.13 2.1 22.71 25.4 74.3 2.5
28.45 41.29 19.03 2.32 21.65 16.8 66.2 1.8
34.34 30.32 18.79 1.75 22.11 15.7 67.4 5.9
28.88 15.09 29.91 2.33 10.69 24.6 64.4 4.4
16.37 44.52 27.94 2.16 14.89 16.9 77.6 1.8
12.97 28.27 25.69 2.89 11.33 18.7 59.1 5.2
30.34 18.52 11.95 2.49 8.89 27.8 76.1 1.9
18.82 32.25 25.99 2.05 17.93 26.7 60.5 1.7
17.51 30.75 10.4 1.65 26.45 22.8 55.7 1.4
25.95 19.82 18.74 2.18 31.71 17.1 75.6 2.4
14.9 17.95 27.84 3.26 33.7 24.3 52.1 2.4
20.79 29.07 22.04 2.86 28.5 17.4 79.8 3.5
36.06 38.59 19.97 2.9 11.02 16.5 76.0 2.9
11.51 28.34 18.77 1.67 29.88 17.5 69.1 2.6
39.94 16.03 24.11 2.9 10.8 26.5 84.7 1.8
39.12 42.88 9.32 1.83 14.87 20.5 53.6 2.4
20.86 44.69 11.13 2.1 15.46 18.7 62.5 5.6
29.78 40.79 20.11 3.0 32.86 25.6 63.0 4.0
32.13 24.89 29.41 2.71 11.91 26.8 72.7 2.1
26.99 25.07 21.32 1.65 23.47 24.8 55.7 2.1
21.23 43.94 23.84 3.38 26.99 18.2 76.3 5.0
11.92 21.19 18.09 2.16 13.0 20.0 73.3 1.7
12.11 15.47 12.37 2.4 34.87 20.3 57.9 5.6
32.56 34.5 23.99 3.22 34.24 16.4 85.0 1.9
16.31 18.25 28.94 1.67 11.66 25.3 51.8 3.0
27.27 29.65 21.02 1.73 25.36 23.9 68.2 5.9
35.31 34.68 14.06 3.13 32.67 22.8 62.6 2.8
28.95 39.74 16.17 1.71 28.71 16.6 73.0 3.8
10.53 23.78 13.1 2.83 31.59 27.3 73.7 2.8
15.16 25.36 10.22 1.99 28.53 27.7 70.3 2.4
10.33 30.59 7.22 3.27 22.19 23.7 56.9 2.6
17.64 28.62 24.43 2.38 14.87 24.1 56.2 5.7
30.84 17.55 6.19 3.05 27.87 17.7 65.3 1.3
37.28 17.09 26.73 3.49 26.75 23.5 74.1 3.9
38.68 22.95 24.01 3.27 24.62 26.3 80.4 3.1
18.37 18.28 10.45 1.96 33.81 17.3 50.5 1.5
17.12 33.67 14.61 2.27 12.55 26.7 70.4 3.9
16.89 31.66 8.94 2.92 19.76 22.0 58.6 2.0
33.71 39.83 15.4 3.01 21.09 15.2 53.3 1.8
39.75 32.75 28.16 1.91 10.15 25.5 69.4 4.3
33.51 23.55 19.62 2.54 34.25 15.8 62.4 4.3
32.76 40.45 25.64 2.61 30.52 16.7 74.4 5.6
36.83 17.68 20.21 3.44 23.81 25.2 78.6 1.1
16.34 17.17 13.71 2.33 30.33 17.4 50.5 2.3
34.64 32.82 8.74 2.55 14.96 15.5 74.8 2.6
20.77 44.33 22.05 2.16 32.96 24.3 69.0 2.3
39.76 27.62 15.41 2.2 11.58 19.3 72.5 4.0
22.96 43.2 24.76 2.91 32.7 19.7 74.3 5.1
23.82 44.7 27.5 1.54 23.09 19.1 81.9 1.9
13.82 22.81 17.21 3.35 22.86 17.3 76.6 2.0
30.22 43.32 22.35 1.81 16.35 26.1 57.3 2.2
18.28 44.17 19.76 2.68 13.91 19.4 53.4 4.8
18.64 40.42 28.94 2.93 23.84 22.4 77.9 2.6
13.49 41.88 10.16 3.01 21.15 25.5 73.3 4.7
18.96 26.97 12.05 2.55 29.21 24.5 78.4 5.2
26.05 15.53 6.74 3.02 30.94 16.2 67.7 5.4
11.24 27.72 18.67 2.87 34.18 27.4 83.9 1.7
23.25 16.0 8.29 2.84 33.55 15.8 58.3 3.8
12.1 36.21 20.91 3.29 33.86 18.2 67.5 5.3
22.74 30.33 24.86 1.64 30.76 19.8 65.5 3.8
23.0 21.17 27.07 2.24 9.19 27.2 65.4 1.6
13.6 37.05 16.16 1.57 33.7 18.5 62.1 4.6
12.44 39.58 22.67 3.32 11.17 15.5 60.3 2.2
39.2 22.26 20.11 3.02 21.46 25.4 76.3 3.1
21.45 30.85 24.15 3.17 8.43 15.0 66.3 3.9
34.45 41.64 6.31 2.9 23.77 15.8 51.7 2.2
38.1 44.85 29.88 2.96 34.04 23.3 73.6 4.3
29.63 34.4 20.25 1.68 9.25 25.8 79.1 3.9
13.09 41.04 13.78 1.58 24.6 20.8 84.0 2.1
13.39 39.79 22.13 1.98 34.61 22.1 82.4 4.7
16.35 23.02 6.64 2.52 32.82 26.5 74.0 5.9
37.46 32.01 20.62 1.59 26.26 17.1 84.0 3.1
26.55 23.09 21.42 1.65 33.4 27.1 75.9 5.3
13.18 39.0 19.86 1.89 19.83 15.2 51.6 4.9
29.7 20.92 24.96 2.51 15.79 18.8 81.1 5.9
14.64 42.38 28.85 2.94 27.69 25.6 66.0 4.0
17.13 44.78 11.15 2.38 28.26 16.2 53.3 4.6
23.07 24.74 6.91 1.67 24.67 22.9 75.5 2.7
11.25 41.3 8.94 2.42 23.15 18.2 72.3 2.3
22.1 27.17 14.11 3.16 18.67 25.1 59.1 5.6
34.4 27.62 11.12 1.93 17.82 16.9 51.4 2.3
14.45 41.21 7.92 2.21 16.26 24.0 55.2 3.3
13.82 26.81 10.39 3.14 12.19 23.4 78.4 5.8
21.96 20.63 17.89 3.16 22.53 23.6 76.7 4.0
16.33 18.7 27.6 2.84 9.54 24.1 81.3 5.5
32.51 33.02 6.72 3.44 21.27 17.4 69.6 5.6
15.99 26.34 13.33 2.88 27.68 16.6 53.2 3.7
21.03 24.74 27.19 2.27 10.33 24.7 76.9 1.5
33.51 34.52 15.08 2.09 9.87 23.4 79.2 3.2
14.66 19.05 14.2 2.99 16.81 27.7 59.0 3.1
28.46 18.46 19.55 2.14 17.02 18.9 82.9 4.2
27.23 17.68 27.8 3.18 26.66 21.2 63.5 2.3
37.05 36.48 10.43 1.72 30.02 26.7 60.6 4.0
14.45 19.6 14.51 2.91 12.68 27.3 77.6 3.2
18.95 34.84 19.47 2.44 19.59 19.6 83.5 2.1
38.85 37.49 10.94 1.86 29.38 22.3 68.3 5.0
36.87 43.76 8.67 2.41 18.97 21.2 65.1 2.7
34.18 41.53 19.45 2.21 13.68 18.3 68.5 4.8
17.03 31.97 12.48 2.8 33.99 25.4 58.0 2.2
36.15 18.04 6.72 1.88 26.17 15.9 69.9 2.2
13.87 41.2 12.36 2.02 27.1 18.0 62.5 1.5
27.79 40.69 29.48 2.43 11.3 21.0 71.0 2.6
19.12 15.04 5.92 1.82 17.63 18.4 80.2 3.0
38.73 21.33 14.42 2.47 23.69 22.2 80.0 1.5
28.73 32.75 15.95 2.89 8.17 22.8 78.4 1.4
16.14 41.09 11.58 3.41 13.0 21.7 81.4 1.2
34.96 19.83 24.31 3.41 11.58 18.0 69.5 3.9
25.52 37.82 15.26 3.27 23.72 21.7 61.5 4.1
39.82 25.55 16.34 3.22 26.22 24.2 75.0 5.8
25.01 32.59 15.5 2.67 26.26 20.7 76.5 1.4
24.57 37.95 14.71 2.33 17.39 23.2 59.0 3.5
11.88 39.87 6.6 2.56 30.38 18.4 74.3 1.3
26.83 31.19 13.8 1.73 20.04 19.8 60.5 4.8
20.76 29.09 21.39 2.0 17.43 18.2 53.4 3.8
38.23 17.88 7.44 2.34 15.51 27.0 81.1 1.7
11.16 29.96 29.55 2.67 15.76 25.6 69.3 1.4
16.53 35.2 24.39 3.16 32.49 25.0 52.4 5.1
33.36 33.6 21.17 1.85 11.56 27.1 52.1 1.3
39.03 23.37 23.97 2.57 15.83 22.0 58.8 4.4
32.14 38.25 29.37 2.83 13.51 22.0 65.1 5.0
12.77 39.83 13.14 1.56 19.09 27.4 67.3 4.1
28.21 23.41 22.71 1.79 19.31 15.4 61.6 1.8
12.53 29.06 28.2 2.29 9.79 21.0 77.1 1.9
26.72 21.91 8.23 2.01 15.1 22.2 68.4 3.3
24.59 39.71 27.67 2.35 11.2 26.1 79.7 2.9
32.43 16.25 7.39 3.02 11.45 24.7 77.9 2.2
34.13 25.87 26.65 3.19 18.25 15.1 52.3 2.1
20.65 28.78 15.5 2.17 34.84 23.4 60.8 4.2
11.24 44.92 28.82 1.85 34.3 26.3 78.3 4.4
37.31 37.68 25.26 2.61 14.91 22.5 54.7 3.0
36.88 24.91 11.23 1.95 34.33 18.8 53.7 2.4
17.2 19.19 9.25 1.89 23.22 26.0 84.1 3.2
23.38 27.29 15.7 1.58 32.77 17.9 59.0 4.9
27.92 32.23 13.25 2.29 30.93 15.9 66.2 5.6
35.22 41.81 8.87 2.11 11.7 16.3 68.6 4.9
28.33 15.34 22.41 3.49 9.79 26.9 58.4 1.0
10.84 40.25 21.64 2.52 17.15 27.7 79.9 3.8
21.51 21.83 26.29 2.07 12.74 15.7 69.0 1.5
34.86 33.66 11.23 2.49 27.24 26.7 68.1 3.6
25.48 22.62 18.93 2.73 22.97 25.2 82.7 5.0
39.17 38.39 25.39 1.94 31.85 19.3 78.4 4.8
17.63 35.12 20.02 2.27 16.36 26.2 79.5 3.4
21.06 36.37 23.19 2.69 10.79 22.8 80.1 1.3
12.4 41.35 18.93 1.89 27.06 21.8 56.8 5.4
22.74 33.45 9.15 1.71 33.07 27.0 73.6 1.0
25.59 26.1 22.68 2.42 14.94 16.3 56.4 5.8
37.31 36.19 6.75 2.75 11.85 16.2 50.2 6.0
29.44 42.45 20.21 2.84 14.26 15.3 79.5 5.4
15.17 34.54 28.43 2.93 25.61 23.0 64.5 2.6
23.43 26.98 17.69 2.58 20.88 19.6 81.1 1.5
12.45 17.81 26.62 2.39 34.75 18.3 66.3 4.4
37.68 26.07 5.87 3.37 24.78 22.1 69.2 3.5
29.16 17.34 22.09 1.74 22.3 16.1 75.0 3.7
32.51 36.37 24.73 2.19 23.38 25.9 51.3 4.8
11.91 31.2 24.11 1.76 9.47 23.1 60.6 3.4
31.96 43.51 10.79 2.47 16.07 17.4 78.2 2.5
11.76 37.79 9.2 2.21 24.63 27.2 78.4 1.9
16.09 15.18 15.31 2.35 8.98 26.1 62.3 5.3
33.39 44.04 21.9 2.72 19.37 21.2 66.3 5.8
25.36 28.11 10.24 2.46 32.97 25.0 73.7 4.2
37.2 42.39 9.0 2.75 28.3 24.0 58.5 1.1
15.19 16.29 19.5 2.39 32.04 23.1 78.7 4.1
32.84 24.42 11.81 1.88 15.17 23.3 70.1 3.5
29.76 22.48 17.22 2.18 21.58 17.8 61.7 2.0
17.22 33.98 26.6 2.43 16.79 19.2 56.8 1.7
36.6 29.92 21.48 2.27 10.17 25.5 78.7 3.3
15.21 30.54 18.53 2.11 20.14 27.8 61.2 3.2
15.91 17.01 19.83 3.03 27.75 28.0 57.6 3.2
17.81 43.93 28.16 3.26 19.63 25.9 80.7 2.6
12.32 24.51 24.87 2.17 32.39 22.3 83.1 4.1
22.16 37.22 17.48 2.66 17.66 23.0 76.5 4.0
28.48 36.2 12.02 2.41 32.75 26.3 53.3 1.4
16.94 33.39 13.94 1.86 12.95 15.2 57.8 5.2
21.01 17.42 12.91 1.79 9.18 23.0 54.0 5.8
26.46 21.85 20.83 2.52 34.43 17.0 55.2 5.9
22.78 15.87 12.72 1.85 18.87 18.1 74.6 3.7
12.34 33.16 18.48 2.0 25.39 25.7 70.6 3.4
34.46 16.17 19.53 1.78 31.65 18.1 61.5 2.6
31.05 33.76 21.5 1.62 20.56 25.0 68.6 1.7
36.14 16.46 18.29 3.48 8.04 19.6 81.9 4.3
29.77 38.76 21.99 1.74 24.48 25.3 50.1 2.5
28.12 34.78 16.46 1.98 24.29 26.2 84.5 2.3
31.58 23.71 15.8 2.23 31.37 16.0 78.5 3.4
32.67 16.48 8.47 2.52 34.0 17.2 64.1 2.7
30.85 18.98 7.47 2.82 9.93 27.4 72.7 4.4
34.73 16.0 27.76 2.43 25.83 24.1 65.7 5.2
13.19 40.61 17.11 2.33 19.55 22.2 76.2 4.9
24.3 29.49 29.95 2.9 18.31 18.0 76.3 3.6
17.27 32.43 20.78 2.0 19.55 15.0 82.9 5.4
22.76 26.11 7.24 1.7 15.01 19.6 66.9 2.9
18.27 22.7 6.8 3.27 30.42 15.9 82.6 4.6
15.82 28.96 10.42 2.82 22.13 18.7 58.2 5.3
36.71 31.43 7.81 1.66 8.04 26.2 68.5 5.6
33.82 17.4 29.51 2.57 16.61 26.8 52.7 2.6
16.59 18.79 21.55 1.85 24.18 21.1 83.0 2.4
10.8 18.96 19.66 1.57 9.15 27.5 67.5 3.5
33.52 27.95 28.61 1.98 9.72 25.7 51.9 5.0
28.58 44.64 22.83 1.88 23.18 23.1 51.7 4.3
30.74 36.01 24.54 1.77 19.59 27.0 50.2 3.5
17.87 42.59 24.91 2.22 33.34 25.7 74.3 3.9
11.17 38.03 22.76 3.08 11.57 16.5 71.3 3.0
35.09 28.95 23.55 1.56 33.32 27.5 75.4 3.7
35.34 41.42 29.21 2.53 14.2 19.0 52.6 3.3
19.48 43.53 8.73 3.22 15.19 24.0 59.8 2.3
32.7 17.47 16.26 1.66 27.88 15.8 81.4 1.1
24.86 20.17 17.88 3.36 18.82 23.4 81.6 3.4
11.48 43.53 9.1 2.77 22.87 19.5 65.8 5.7
20.27 30.75 8.14 2.87 21.68 15.4 80.1 3.8
35.74 37.24 23.72 2.24 26.55 21.3 80.2 3.4
28.65 27.36 28.16 2.11 11.3 25.2 78.8 5.6
34.8 18.14 25.98 2.8 26.46 24.4 59.8 1.1
21.68 21.25 19.86 1.73 12.18 18.0 61.1 3.3
20.09 27.36 5.91 2.56 10.52 22.0 84.1 2.6
25.8 24.18 22.02 3.43 20.73 23.0 72.7 2.6
15.7 18.82 18.58 2.13 23.72 25.3 71.4 5.1
11.32 16.56 6.55 2.19 32.37 20.0 63.4 1.2
22.52 38.75 16.51 1.63 13.82 15.1 65.3 5.2
13.9 26.91 10.16 2.73 34.34 27.6 79.9 4.9
15.89 44.74 7.29 3.26 27.22 17.5 57.2 4.2
26.76 37.33 15.39 3.02 18.5 16.4 79.6 3.8
11.14 16.37 17.89 3.3 15.99 18.1 80.2 2.3
12.59 17.1 8.19 1.91 22.13 18.8 57.8 5.2
10.47 36.46 10.2 3.41 23.48 23.9 57.1 5.8
18.69 41.13 14.69 1.54 19.64 25.1 82.4 3.0
26.19 16.86 22.9 3.14 8.1 17.0 77.5 4.3
32.68 22.34 22.63 2.38 19.77 20.3 57.9 5.8
35.39 41.72 9.14 2.11 25.05 15.3 65.3 3.1
15.54 40.91 18.47 3.3 16.14 21.7 61.1 4.2
23.7 20.55 18.17 2.91 29.46 19.1 68.0 1.9
14.62 17.28 28.07 2.65 14.79 16.1 62.6 5.3
23.37 23.81 20.72 2.68 25.96 22.7 56.7 1.4
28.64 33.72 14.39 2.93 9.58 17.5 55.6 5.4
29.28 18.97 19.62 2.41 26.99 20.4 57.6 5.4
28.8 20.48 14.03 2.06 29.52 19.5 53.8 1.2
10.85 18.0 8.04 2.85 17.32 26.7 55.0 5.7
19.76 26.57 19.99 1.81 13.86 15.3 70.2 1.6
11.63 33.52 5.62 2.53 26.16 15.6 78.5 1.9
12.89 32.64 17.81 3.11 9.28 27.1 57.5 3.9
11.18 38.16 5.1 2.76 24.64 26.1 71.6 1.1
32.38 23.48 6.91 1.9 13.78 25.8 70.1 5.8
15.59 16.47 12.32 3.43 33.52 25.6 59.2 1.3
21.34 17.4 15.11 2.96 11.33 18.5 74.1 4.0
33.86 32.23 25.32 2.75 8.4 16.9 80.9 3.3
36.17 19.5 6.2 2.65 31.09 23.0 79.5 1.1
16.77 42.28 23.02 3.44 16.28 24.5 80.0 1.8
21.22 20.32 18.78 2.27 23.05 16.1 61.3 1.8
16.37 32.9 17.56 1.88 22.01 23.1 75.7 3.4
24.6 19.54 12.04 1.53 12.79 24.0 60.1 3.1
17.36 31.98 7.81 2.19 14.79 16.1 74.5 1.3
36.28 21.83 14.54 2.31 33.78 18.5 58.1 2.1
36.72 28.7 16.07 1.58 32.07 24.9 63.2 2.3
31.84 36.37 19.58 2.95 12.47 23.5 81.4 4.1
28.69 40.34 11.72 2.99 21.22 16.1 79.1 4.1
21.62 17.72 8.15 2.8 30.07 21.2 62.4 3.6
22.01 27.91 25.86 1.88 9.38 21.4 84.0 5.0
20.01 25.71 28.98 2.46 28.48 26.8 74.0 3.2
26.22 18.69 10.63 1.81 18.12 25.5 70.1 4.1
31.05 23.1 12.18 3.29 19.72 22.7 71.4 3.6
24.61 38.02 8.53 2.06 33.95 24.3 56.3 5.3
28.46 26.75 22.42 3.31 20.61 25.3 75.0 4.9
25.53 36.62 12.05 2.55 16.05 16.9 66.0 2.4
39.18 37.28 8.74 1.62 11.44 24.1 78.9 3.2
24.18 38.56 19.12 3.2 12.99 15.4 66.3 3.2
14.9 32.79 26.7 3.27 14.41 20.5 68.5 1.2
26.76 28.66 18.98 2.78 28.97 23.8 75.2 3.4
13.01 29.79 13.31 1.75 20.84 26.9 52.4 4.1
17.66 21.49 15.75 2.54 27.13 26.7 79.9 1.4
14.14 37.66 16.54 2.5 9.98 27.6 65.1 5.5
20.79 43.89 5.33 3.46 10.46 26.3 63.4 4.5
19.29 25.75 22.28 2.37 29.11 15.9 67.7 2.0
25.39 23.02 27.96 2.95 16.69 22.5 64.6 4.3
36.63 29.62 29.55 1.84 24.57 23.7 54.3 1.7
14.06 38.92 17.64 2.97 33.32 18.4 78.1 5.7
10.84 16.79 18.58 1.92 28.26 21.4 71.9 3.4
16.52 21.53 25.56 1.87 8.37 16.9 78.9 2.1
28.26 43.08 7.71 3.38 12.13 27.3 74.8 3.5
30.95 15.57 20.51 3.06 17.12 24.4 66.8 1.7
13.58 28.38 18.76 3.16 24.14 17.0 65.1 2.2
12.26 34.46 26.19 2.01 17.53 25.1 74.1 5.8
24.15 31.33 9.75 2.96 13.1 18.5 54.0 3.7
32.45 41.19 19.78 3.25 12.42 25.3 79.5 6.0
18.31 27.28 12.38 2.48 22.42 25.3 65.3 5.1
15.63 36.44 29.3 3.47 12.16 25.1 65.4 1.1
12.34 35.92 14.74 2.14 25.42 18.4 71.2 1.8
36.12 23.18 22.8 1.84 34.71 27.3 83.1 5.7
20.33 36.73 10.86 2.5 29.52 16.5 83.1 3.4
19.67 15.41 18.05 3.19 13.69 15.3 52.2 6.0
17.31 17.28 24.42 1.63 10.75 20.5 56.5 1.5
26.68 43.71 5.85 1.64 18.13 23.8 65.1 3.6
14.7 35.42 11.52 3.11 18.42 15.3 74.3 1.0
26.28 35.36 10.93 1.53 26.67 17.9 73.0 1.9
14.5 26.25 26.81 1.73 19.49 24.9 53.9 1.3
10.09 26.35 11.56 2.22 16.76 24.9 79.3 2.4
20.79 32.05 27.44 2.37 28.29 21.9 58.0 2.3
16.27 19.28 25.71 2.46 17.46 24.8 63.4 1.4
15.8 27.55 16.78 2.03 19.62 24.6 84.3 5.1
13.35 31.62 15.5 2.66 23.54 17.3 64.6 2.4
Norte
13.06 37.22 15.48 3.06 15.37 21.3 79.2 1.5
34.01 28.69 11.65 2.35 22.72 19.7 77.2 4.0
19.82 17.49 7.61 3.25 8.57 24.0 78.1 5.0
38.3 43.49 9.64 3.44 9.52 15.4 53.4 1.1
37.19 17.76 26.82 3.21 23.29 18.3 70.9 1.3
30.04 29.56 26.72 2.97 9.37 27.0 75.6 3.1
10.78 22.23 22.19 2.74 32.67 17.8 52.9 5.9
37.54 23.65 12.74 2.04 18.29 22.7 78.6 1.7
33.59 37.99 11.62 2.46 9.37 16.3 59.4 1.4
13.27 36.83 12.24 1.82 26.53 15.8 68.7 1.1
15.52 44.48 7.09 3.39 22.15 25.5 64.9 5.7
32.7 38.2 21.27 1.58 16.28 24.3 78.7 1.8
32.9 39.3 29.27 3.46 19.21 15.8 66.5 3.3
24.54 25.41 9.49 3.16 15.19 21.3 54.2 2.3
38.39 37.07 28.48 2.0 24.03 15.7 72.5 1.8
14.87 38.81 28.69 1.96 30.35 16.5 51.0 3.2
24.52 37.97 28.23 1.59 13.4 17.7 69.6 1.8
22.27 19.85 10.67 2.31 29.13 18.9 59.6 2.8
38.9 30.66 22.75 2.2 28.09 22.7 59.1 5.9
15.47 36.01 10.41 1.64 21.56 26.2 77.1 5.3
14.23 39.8 20.73 2.83 33.44 18.1 54.3 1.2
30.56 20.94 6.92 2.64 22.44 22.0 51.9 1.4
23.96 18.67 16.76 3.36 9.27 24.3 75.0 5.4
32.57 39.93 15.34 1.87 26.35 23.6 64.2 4.9
31.26 35.87 23.98 1.64 19.88 27.1 81.3 2.9
38.07 32.89 18.61 2.8 20.68 23.3 64.8 5.7
25.84 44.83 27.57 1.96 27.32 26.9 80.2 1.8
14.03 24.54 27.33 2.71 22.83 19.9 62.3 2.7
31.52 24.42 13.64 2.46 10.94 16.0 67.3 4.5
28.71 40.37 15.15 2.9 16.92 27.6 83.2 2.3
24.45 36.86 18.65 1.53 23.04 16.9 60.4 3.3
26.35 39.18 10.08 2.02 34.47 23.7 80.6 2.5
32.53 39.83 10.37 2.19 16.82 23.9 76.5 5.7
20.47 38.94 28.49 2.73 8.16 18.5 55.8 2.6
14.72 41.51 28.66 3.25 15.82 22.2 76.6 5.9
36.25 30.83 9.64 3.06 19.45 27.4 78.9 5.1
39.0 31.65 6.71 2.56 29.24 20.2 78.3 3.3
27.35 40.31 11.91 1.81 33.53 18.3 80.4 5.3
10.43 39.9 17.31 2.87 28.83 15.8 52.0 3.4
39.38 31.53 14.52 3.01 33.29 25.1 52.1 5.4
32.65 40.45 13.85 1.53 29.17 17.4 56.0 5.4
11.57 23.01 26.49 2.84 24.56 24.6 75.5 1.8
13.49 15.12 19.39 1.7 26.03 19.0 83.6 5.4
32.83 26.17 9.15 2.95 17.08 15.0 74.8 1.1
37.66 21.43 26.49 3.48 9.02 15.7 63.5 3.0
26.91 25.64 14.88 3.02 31.03 26.3 56.6 2.1
17.41 28.94 17.66 1.75 27.7 18.1 81.7 4.2
31.29 30.71 17.14 2.13 13.44 22.4 64.9 4.2
26.13 41.2 20.02 3.43 33.35 18.6 68.4 4.8
19.68 31.75 7.38 2.7 31.13 22.5 61.0 4.2
39.15 33.9 9.05 2.08 18.8 19.4 78.6 2.4
24.35 32.99 22.78 3.22 34.52 21.9 69.2 5.0
19.42 21.46 9.4 3.43 28.3 20.4 82.2 3.3
23.57 38.19 11.23 2.99 13.7 17.3 83.5 4.9
31.62 28.41 15.52 3.06 29.3 27.0 60.5 5.6
30.95 17.47 26.9 3.23 24.91 22.9 51.5 2.5
30.12 32.99 22.64 1.62 33.47 18.8 80.3 2.8
31.79 15.91 18.66 2.01 27.36 18.8 61.1 1.5
32.48 31.69 21.39 3.49 27.33 18.5 78.6 4.1
34.56 21.0 19.68 2.52 15.82 28.0 75.6 3.9
25.03 39.18 19.59 1.81 14.35 20.4 78.1 2.9
15.64 34.39 14.31 1.66 8.29 17.4 79.1 5.7
32.82 22.31 18.24 1.74 15.75 19.4 69.2 2.3
28.76 27.85 15.95 3.09 33.47 19.3 75.0 5.8
26.87 41.76 28.92 3.13 33.04 19.2 56.4 2.4
25.82 19.78 24.89 2.88 20.65 22.3 75.0 5.9
15.17 25.34 7.55 3.28 28.33 22.9 66.3 5.2
18.75 37.21 18.31 3.38 34.2 15.8 76.2 3.8
32.19 18.08 16.81 3.07 17.06 27.1 76.8 2.3
19.26 42.55 24.57 2.05 9.9 16.9 59.4 2.7
30.11 39.46 16.52 1.6 31.04 23.6 54.9 1.5
24.29 40.26 25.13 1.68 27.09 20.3 77.5 2.6
29.98 41.78 11.73 2.38 25.24 16.4 67.5 3.2
33.99 29.39 15.04 1.86 9.83 24.7 59.2 1.6
20.3 33.02 9.26 1.76 23.03 25.3 55.9 1.5
10.16 20.8 20.5 2.42 22.05 24.0 55.0 3.1
13.17 26.28 13.39 1.72 20.4 21.8 76.5 1.8
30.57 40.21 25.24 2.17 26.04 22.7 74.9 3.8
23.32 17.9 19.35 2.61 29.3 23.4 61.2 5.9
10.22 43.69 18.38 2.83 22.69 27.8 74.2 3.9
21.23 33.98 20.28 3.36 28.74 15.3 73.2 4.6
21.06 42.58 14.32 3.04 12.65 22.8 59.9 1.9
32.37 19.11 15.8 2.38 9.0 17.0 68.5 2.5
34.18 24.48 22.49 3.4 11.14 18.2 67.1 3.1
24.16 38.59 11.41 2.53 23.6 26.3 58.4 2.1
34.15 41.87 25.8 1.67 25.73 17.8 57.6 4.5
20.62 41.6 28.79 1.93 16.12 22.4 58.5 5.7
11.49 22.23 14.92 1.86 22.2 21.2 75.8 3.7
23.59 33.46 29.28 2.06 21.32 21.9 58.9 4.6
30.61 41.47 28.83 2.53 15.42 19.0 70.7 1.4
18.73 29.23 22.18 2.97 32.59 24.5 64.7 5.2
17.57 27.31 21.77 1.55 26.1 25.6 83.4 1.2
26.31 40.69 29.27 1.68 8.24 18.6 50.5 4.0
24.54 32.78 7.11 1.79 25.89 27.9 75.9 1.5
21.44 29.15 26.68 2.82 17.81 24.1 63.9 1.0
20.66 36.7 14.61 2.97 11.19 21.6 59.4 2.3
37.6 23.57 10.93 2.04 20.09 24.7 72.3 3.0
20.91 35.58 10.79 1.72 8.5 19.1 56.5 4.4
12.1 22.68 5.56 3.22 17.63 15.8 55.9 4.8
17.5 37.82 28.38 2.53 20.28 23.6 79.1 2.6
19.37 30.06 22.82 3.23 23.3 21.3 70.3 4.2
29.57 21.17 6.46 3.15 26.31 21.9 79.4 5.6
27.56 20.61 11.34 2.18 34.51 18.4 52.6 2.0
10.12 18.37 18.66 2.92 24.49 18.2 83.2 3.8
16.08 35.98 19.0 1.65 10.91 15.1 57.0 5.9
28.55 23.73 10.43 2.68 19.77 24.7 62.3 4.9
32.83 40.97 12.8 2.22 10.07 24.1 83.3 1.8
38.09 25.85 21.93 2.6 29.45 21.8 74.1 5.5
39.69 42.52 16.16 2.53 20.11 16.0 70.0 1.8
30.87 34.07 28.74 1.91 18.85 26.6 66.0 2.5
10.55 38.05 7.74 2.26 28.21 21.4 51.6 5.6
19.01 38.05 10.64 2.88 18.66 22.0 79.7 3.7
35.18 19.77 24.73 1.55 22.91 21.9 66.1 5.3
23.55 24.13 14.46 3.27 32.05 20.7 53.2 4.2
10.95 32.45 18.33 1.88 24.72 27.8 79.9 5.7
27.04 43.64 6.24 3.43 19.24 27.2 77.1 4.6
37.58 22.9 18.49 1.73 27.87 27.0 57.9 4.1
15.5 34.96 13.26 2.61 13.04 24.1 76.3 3.2
37.27 23.73 5.54 2.59 21.08 23.2 54.6 1.0
26.95 23.48 23.74 2.74 21.54 21.3 84.3 1.5
26.0 32.81 17.92 1.77 26.3 22.8 73.6 3.6
29.71 31.4 5.86 2.29 15.7 23.2 54.8 5.0
14.27 23.75 6.1 1.72 10.97 16.2 58.4 5.9
29.62 29.03 19.43 2.21 21.0 27.3 57.3 4.3
28.23 29.17 22.4 1.75 27.56 23.5 63.5 1.4
33.55 30.4 6.62 1.7 26.11 25.5 74.9 2.1
30.75 21.66 20.09 1.56 8.42 16.1 84.4 3.4
24.0 30.63 24.16 2.81 9.43 25.9 61.0 5.8
14.47 40.88 27.11 2.53 22.87 25.8 50.7 5.2
24.58 22.33 16.65 1.64 11.7 15.6 59.1 2.3
28.28 25.62 15.21 3.07 14.57 17.2 54.2 3.0
29.53 27.7 14.15 3.37 12.33 15.6 59.0 2.6
34.87 26.91 15.87 2.73 14.54 15.4 79.3 1.6
38.13 31.97 26.01 2.9 18.9 23.0 72.9 3.6
10.18 17.33 20.62 2.21 11.75 25.8 68.7 5.1
26.51 16.01 26.47 2.39 16.74 22.4 58.1 1.8
11.96 34.48 18.12 3.36 13.31 20.5 72.3 5.9
39.43 19.26 13.19 2.34 29.25 22.5 76.8 1.1
12.19 26.33 25.0 3.08 33.57 28.0 80.4 1.5
38.97 43.76 10.8 3.41 32.73 27.3 59.8 3.9
24.58 20.76 27.46 2.03 9.29 24.5 63.4 3.1
39.14 34.21 13.02 1.79 16.86 27.4 59.8 2.5
17.43 26.3 28.61 3.2 11.7 20.4 84.1 5.6
24.15 18.71 18.89 1.63 30.79 26.9 58.4 1.0
22.42 18.5 15.47 2.87 14.71 19.0 67.1 5.0
16.54 21.12 10.63 1.84 23.78 19.4 73.6 2.4
33.68 35.13 15.99 2.18 8.49 20.8 58.8 4.0
30.47 29.73 6.93 1.66 31.96 21.5 71.8 5.1
14.17 32.94 16.09 1.52 26.06 21.8 68.5 4.1
18.68 40.76 13.15 2.88 27.82 20.7 73.2 5.5
24.33 30.12 26.06 2.4 12.81 17.0 72.3 2.4
36.04 43.84 20.65 2.26 11.42 27.2 50.5 5.7
14.42 15.57 11.27 3.22 25.49 15.8 58.1 4.7
35.72 39.27 29.92 2.32 33.77 15.7 53.3 2.2
26.01 15.18 25.62 2.25 22.07 27.5 72.5 1.6
17.69 31.37 24.8 2.89 29.71 24.6 59.3 3.8
33.03 21.15 29.9 2.53 23.85 23.8 67.0 1.1
35.72 40.79 16.1 1.75 18.1 26.8 77.5 2.0
29.91 29.85 18.95 2.61 14.09 20.9 58.3 3.0
12.63 20.11 27.03 2.73 16.4 23.5 73.6 5.7
31.48 37.9 8.24 2.12 28.73 15.8 73.6 1.1
30.08 25.2 22.71 3.14 27.39 27.3 59.4 1.4
33.71 16.55 6.65 3.08 31.7 18.5 54.7 3.1
13.68 23.43 27.86 1.61 22.08 28.0 64.4 1.2
28.51 15.87 25.46 2.32 12.83 24.7 51.1 3.8
27.35 38.96 14.96 3.24 24.16 17.6 76.2 5.2
10.76 41.51 24.43 1.96 32.4 26.3 54.8 4.6
10.28 32.15 28.4 1.81 21.04 16.2 68.0 3.5
38.4 31.27 14.01 1.59 30.13 25.5 58.5 3.9
15.21 22.14 6.52 3.37 32.94 20.8 82.6 5.4
21.88 35.28 14.27 2.6 29.29 18.0 69.2 5.5
16.45 18.82 6.02 3.07 16.9 21.4 73.0 5.9
22.43 34.16 22.02 3.37 27.51 21.2 60.3 2.9
15.52 36.34 19.86 3.3 10.68 16.8 79.0 5.9
15.0 44.08 9.63 2.6 33.19 15.1 60.3 5.4
14.95 18.14 21.09 2.65 23.84 24.5 85.0 4.6
20.03 27.76 25.91 1.83 19.62 19.6 73.5 4.7
25.01 15.62 8.04 3.1 23.23 26.2 76.6 3.2
16.22 38.84 22.18 1.65 22.54 22.7 67.0 2.5
15.63 33.56 29.24 3.18 20.91 16.5 82.2 1.0
21.55 18.99 17.31 2.1 10.98 20.1 62.6 5.9
13.95 24.02 29.41 3.0 17.83 22.7 51.3 1.7
24.98 29.72 12.84 2.08 15.17 15.5 74.6 3.9
16.49 18.81 24.46 2.89 11.62 25.7 56.6 4.9
36.52 39.3 22.86 2.82 31.56 20.8 74.5 3.1
29.65 31.87 22.19 1.67 16.93 27.9 52.4 4.7
11.56 24.43 9.33 3.43 27.25 20.0 69.5 2.0
23.99 20.22 7.83 2.36 10.1 27.8 64.4 4.6
26.93 23.66 19.38 1.65 33.69 17.3 54.3 2.5
31.24 29.55 17.31 1.85 18.77 16.9 72.5 4.4
36.52 33.19 8.08 3.13 9.25 27.5 51.5 1.8
18.95 19.44 8.63 3.11 19.22 21.3 58.1 2.9
27.36 20.5 28.46 2.22 20.41 16.9 84.7 3.3
31.63 22.41 28.73 1.8 27.46 27.2 66.3 2.8
35.62 42.87 7.55 2.17 13.91 21.2 81.8 1.2
14.71 22.72 11.78 2.22 30.25 23.9 84.2 1.0
10.09 33.14 29.73 1.93 31.03 27.8 68.3 5.9
13.71 42.76 29.31 1.85 14.56 18.2 76.8 1.2
37.86 22.54 16.51 3.19 13.42 22.5 68.1 5.0
12.05 18.22 29.8 2.43 27.09 18.4 69.0 2.1
31.58 25.66 12.54 2.43 26.04 27.0 79.6 1.2
36.76 18.3 8.46 2.89 15.97 20.2 52.8 3.6
36.96 40.23 10.12 3.37 24.77 20.6 82.0 3.3
22.5 22.24 7.46 3.44 19.66 15.4 72.3 3.7
30.15 16.85 18.63 1.53 15.67 15.7 82.4 5.9
24.86 29.63 10.34 2.12 29.54 22.3 57.0 1.8
18.39 19.27 6.43 2.2 28.29 16.7 61.4 4.4
12.29 31.09 26.15 2.29 30.57 18.0 56.8 3.3
36.44 27.14 28.99 2.28 33.78 21.6 55.3 1.7
25.11 29.48 29.21 2.92 33.58 17.5 54.5 1.1
35.39 22.44 20.31 1.52 20.57 21.2 84.8 3.6
16.92 42.42 26.33 3.07 11.91 22.2 61.0 5.9
16.91 42.59 5.59 2.4 33.68 17.7 50.2 5.4
35.89 30.39 8.9 2.57 18.31 27.7 65.4 2.5
20.37 43.99 27.06 2.54 9.31 20.3 61.6 5.5
35.84 23.86 21.58 2.3 18.08 17.5 56.6 1.7
15.13 44.19 24.41 2.87 32.86 18.2 55.3 1.8
18.77 20.92 29.32 2.28 22.15 25.7 58.0 2.1
34.65 35.66 14.76 3.33 29.81 18.1 76.4 2.5
10.97 34.86 26.69 2.26 17.65 19.5 83.6 2.5
39.76 41.11 11.05 2.15 26.05 16.0 51.4 3.9
28.05 42.76 13.98 2.4 11.04 22.9 62.0 5.6
18.07 26.23 6.47 2.55 18.99 18.1 77.8 2.1
22.69 37.17 22.92 1.61 10.19 20.0 50.2 2.9
30.18 24.35 29.04 3.01 8.78 23.1 81.2 2.4
30.1 32.52 11.92 1.73 13.57 27.7 52.2 5.5
22.7 40.13 9.06 2.42 25.48 26.0 67.7 5.5
24.9 32.34 10.48 2.95 22.7 23.0 62.7 2.0
19.5 28.54 14.3 1.99 9.15 23.4 81.3 5.8
35.88 19.01 11.65 2.39 19.32 15.9 81.2 2.9
36.96 44.0 20.9 3.03 25.91 20.3 73.3 1.6
28.45 28.45 6.23 3.37 25.21 22.9 54.5 2.1
16.7 23.72 9.75 1.96 24.57 24.0 82.4 1.1
19.1 20.43 18.09 2.29 30.94 27.5 73.1 3.2
13.38 15.63 29.9 1.58 28.67 15.5 83.4 1.0
13.73 15.55 20.5 2.37 32.78 16.3 72.1 3.9
39.66 20.48 26.53 1.55 21.9 19.3 59.8 2.8
33.67 16.44 10.76 2.53 32.81 19.1 71.6 1.3
10.5 23.59 29.85 3.43 21.63 23.6 62.2 2.2
34.76 22.17 11.36 3.13 15.58 20.6 65.4 1.9
17.21 26.76 28.24 2.57 32.22 15.8 81.3 3.4
33.59 43.54 13.2 3.49 21.89 27.7 66.8 5.2
14.41 23.68 10.84 1.9 25.8 20.3 73.7 5.1
13.95 43.98 7.97 2.1 9.26 22.7 81.7 2.1
22.28 27.88 20.62 1.96 11.72 21.5 55.9 3.2
19.68 29.11 17.6 3.15 12.11 23.1 52.3 3.1
22.87 43.32 8.18 2.49 18.06 23.9 70.8 2.6
13.4 27.0 11.95 1.8 25.17 18.9 74.8 4.4
38.28 22.55 5.59 3.23 13.59 26.9 56.7 2.7
35.87 32.38 28.68 1.96 12.61 25.3 77.1 3.7
12.23 18.86 14.56 2.49 11.24 19.2 54.0 4.7
17.73 41.21 14.11 2.64 10.98 15.4 77.9 1.9
30.6 22.66 25.4 1.64 9.76 15.7 72.3 4.7
14.03 22.49 12.31 1.7 22.46 23.4 67.6 5.7
31.46 37.47 25.69 3.15 9.34 26.9 61.7 5.0
22.61 33.78 21.5 2.9 24.77 15.7 57.2 5.7
20.56 29.47 26.13 2.76 17.26 16.0 55.9 2.5
38.57 39.67 24.94 3.07 33.96 15.5 72.6 5.8
31.52 25.98 10.78 2.07 18.41 17.6 52.1 4.7
15.87 15.41 14.32 1.73 20.49 17.8 73.2 3.7
27.96 42.37 17.19 3.41 18.48 17.0 73.9 1.9
12.37 16.69 5.65 1.54 15.07 18.0 83.0 1.9
18.12 29.2 28.63 2.96 18.53 16.6 51.1 3.1
21.4 43.02 18.11 1.96 32.81 18.6 66.0 4.3
17.71 16.77 6.32 2.13 32.61 16.5 76.5 4.0
11.9 37.37 6.34 1.93 32.99 19.4 75.7 3.8
18.05 41.54 21.18 1.55 31.52 22.2 69.3 2.8
17.97 38.51 22.35 3.46 25.03 26.0 58.3 1.3
35.77 34.72 7.84 2.8 18.41 16.1 82.2 5.9
14.65 17.36 7.15 1.85 23.37 27.0 62.3 4.5
36.72 37.91 24.33 1.51 16.98 23.1 59.4 2.7
34.96 24.54 28.78 2.25 14.33 21.3 77.0 5.6
39.34 17.35 26.54 3.21 21.83 20.5 83.2 1.0
27.61 31.69 10.34 2.91 34.27 27.9 75.7 1.3
20.57 36.7 9.91 2.29 9.95 23.5 84.8 1.4
23.07 33.69 18.59 1.56 17.98 17.0 54.7 5.0
28.21 42.31 22.59 2.01 22.08 20.9 50.7 3.9
13.37 43.78 10.25 1.65 23.9 21.1 85.0 1.4
25.6 32.52 6.4 3.36 24.17 26.2 74.8 2.9
14.49 31.51 20.73 3.14 10.7 21.5 56.1 3.7
15.68 22.74 23.52 2.17 29.96 26.4 75.0 2.2
12.48 37.37 29.9 2.68 30.51 22.9 72.8 3.5
26.35 39.59 14.03 2.7 13.68 20.3 65.4 2.1
20.92 39.87 11.56 1.67 32.68 15.1 67.4 1.4
24.29 32.47 22.44 1.76 13.8 23.5 73.9 5.0
30.93 43.95 15.48 2.71 20.44 19.2 82.8 2.4
20.72 29.49 24.5 2.04 10.98 26.3 69.3 3.7
34.72 20.95 6.0 2.82 31.65 24.5 71.8 1.2
10.96 35.19 7.54 2.14 16.83 20.0 62.2 5.8
27.28 42.36 29.12 2.37 12.76 20.7 74.1 2.8
27.02 36.8 28.18 2.31 23.58 19.3 80.7 2.8
11.94 25.46 16.67 1.56 19.22 21.2 62.0 1.9
36.41 44.37 27.09 1.61 29.09 17.5 54.2 3.2
26.18 37.91 26.57 2.46 20.4 22.6 82.2 1.5
15.76 17.69 5.98 2.76 32.95 19.1 71.6 3.2
38.96 40.38 15.0 3.45 17.55 24.8 61.0 2.5
22.47 40.66 11.28 1.61 8.13 20.6 60.0 2.0
12.71 27.4 25.29 1.96 14.77 17.9 79.6 2.8
20.89 29.92 17.07 1.73 14.72 15.4 62.0 4.5
10.57 24.74 9.37 3.41 21.19 15.3 66.8 3.3
39.65 21.15 13.28 1.98 15.24 27.8 55.7 3.8
36.87 26.95 14.88 2.11 34.81 15.9 52.7 4.7
14.55 20.32 11.71 1.83 25.23 25.2 50.1 2.1
14.65 44.04 28.4 2.3 22.77 18.3 53.7 5.7
39.63 31.49 18.63 2.94 13.34 19.8 81.2 3.2
39.27 21.13 10.47 3.32 11.58 22.3 52.4 2.5
19.84 31.29 29.96 2.64 14.06 24.2 63.0 5.5
24.05 42.74 9.64 2.27 8.72 18.8 83.8 5.8
16.05 24.87 27.84 1.89 21.46 23.8 58.9 5.6
13.13 22.55 15.38 3.33 26.81 27.4 73.4 3.1
12.63 27.62 29.55 2.48 19.88 23.7 70.7 1.5
19.82 42.11 21.0 3.35 27.68 22.0 70.8 4.4
33.84 29.35 10.71 3.18 14.12 16.9 56.9 3.2
16.15 33.8 19.33 2.38 21.06 25.7 50.2 1.9
25.3 41.16 17.16 3.14 31.03 23.1 81.3 4.6
21.49 27.35 27.75 2.07 20.92 25.4 61.2 1.8
39.49 24.32 14.16 3.14 18.4 16.3 68.9 1.1
19.62 16.55 10.38 2.44 33.11 22.5 77.4 2.8
18.08 29.17 13.6 2.81 18.3 27.1 82.8 2.6
12.54 44.87 18.71 2.45 26.25 26.6 71.8 4.3
30.51 17.15 16.68 2.91 21.32 22.2 84.1 5.3
31.27 22.04 21.76 1.58 18.74 19.8 79.6 1.5
18.67 29.37 14.83 1.64 19.16 20.2 53.5 4.6
37.41 35.56 14.24 3.41 8.11 17.6 55.0 5.4
30.93 23.66 8.02 2.66 24.46 22.4 80.4 1.8
31.38 31.33 7.05 1.92 10.43 19.7 52.7 3.7
10.82 42.67 29.53 1.83 33.12 18.1 80.7 5.9
35.03 44.02 12.78 2.73 25.53 23.0 77.2 1.2
24.12 27.15 20.71 1.51 15.57 21.1 65.6 4.6
32.8 33.52 17.01 2.18 13.21 25.8 82.0 4.4
32.85 18.07 15.95 2.09 20.82 25.1 57.1 2.5
12.12 39.25 15.22 3.41 27.5 24.9 50.1 1.7
37.74 42.05 6.8 3.48 23.57 16.4 73.2 5.2
11.99 23.45 14.17 3.36 12.38 22.3 65.9 1.9
31.21 26.28 5.45 1.82 19.87 17.6 66.6 4.2
11.32 34.87 29.63 1.91 29.17 22.7 66.6 5.4
36.56 23.82 27.85 1.98 9.7 27.7 55.4 4.0
18.16 42.69 12.62 1.55 23.0 24.0 54.3 4.8
31.98 27.25 27.95 3.04 33.02 16.5 84.8 2.2
39.29 22.43 7.76 3.0 28.77 16.2 82.9 1.3
21.26 33.0 26.96 3.29 21.64 21.2 53.6 4.1
16.89 39.68 29.73 2.05 14.34 19.8 52.3 3.5
17.44 24.96 12.82 1.95 30.03 27.0 77.4 2.5
19.1 41.89 15.65 1.62 8.52 26.8 58.1 4.3
11.76 39.78 9.25 3.22 11.14 25.7 84.2 2.1
39.84 42.78 19.1 3.05 13.9 15.9 70.2 2.8
18.42 41.84 11.7 1.78 30.41 27.6 50.5 5.7
24.76 39.1 19.8 3.2 19.11 19.3 67.4 5.0
31.37 30.93 23.67 2.7 21.71 15.5 78.8 2.9
14.98 37.41 22.42 1.83 9.83 23.0 57.2 1.8
30.67 35.63 15.99 3.02 18.39 27.9 76.9 4.0
19.01 41.16 17.14 2.25 11.16 17.6 82.1 5.9
12.5 20.78 12.31 2.99 13.99 19.8 68.5 1.8
13.91 20.84 28.85 3.49 14.13 27.8 75.9 3.5
18.89 36.74 25.25 1.72 24.04 20.8 59.4 2.8
36.44 18.17 18.28 2.87 13.75 25.7 55.0 3.7
15.93 27.85 21.91 2.8 20.12 15.2 82.2 4.5
35.11 41.43 23.65 1.74 22.12 19.3 80.8 1.8
33.58 17.85 26.03 2.12 22.28 24.2 84.9 4.8
39.04 23.85 18.8 1.82 10.66 21.3 54.5 3.7
Sur
37.28 36.15 20.08 1.59 16.03 20.7 63.1 5.7
18.77 39.33 26.38 3.0 10.47 27.9 76.7 1.7
31.45 27.46 20.46 1.99 29.44 26.2 64.5 1.6
36.01 22.84 13.32 2.31 19.13 20.0 77.6 5.4
20.35 35.19 15.13 3.08 16.43 27.7 50.6 5.8
17.35 27.34 26.54 3.05 22.88 17.1 72.3 2.1
19.19 34.21 22.13 2.04 10.1 23.2 54.3 1.3
17.5 38.39 10.2 1.77 34.85 20.0 57.2 3.7
30.69 25.39 11.02 2.37 32.24 16.5 75.2 4.6
39.47 39.59 14.77 3.39 16.86 20.3 53.3 2.5
28.87 30.96 14.74 2.33 10.92 24.2 62.0 3.8
16.57 36.22 19.05 2.71 10.73 22.1 67.4 5.1
25.61 41.55 21.92 3.0 23.89 24.0 71.9 2.5
16.83 23.24 5.62 2.02 15.91 27.6 83.6 4.2
33.49 28.16 23.99 1.91 34.62 24.4 78.3 5.1
37.41 31.03 29.19 2.86 13.73 25.5 67.1 5.0
17.59 39.98 20.56 3.41 21.17 21.1 61.7 3.1
15.31 32.62 21.72 1.5 34.24 17.5 82.1 3.4
35.92 20.11 18.12 2.41 8.44 25.5 73.3 3.3
24.81 35.53 28.24 1.85 26.36 18.3 81.2 1.7
10.52 29.22 16.02 3.43 23.19 20.9 59.3 1.4
23.46 25.69 10.78 2.41 23.55 17.3 57.0 3.8
37.52 43.14 14.78 2.17 12.9 17.0 52.7 1.3
36.61 37.34 25.38 2.93 20.82 24.3 83.3 4.3
35.55 26.29 13.92 1.53 23.67 15.7 65.3 3.4
24.5 39.05 21.81 2.22 28.39 19.4 64.6 4.7
35.5 37.76 16.13 3.17 21.64 27.9 57.1 5.7
33.98 33.62 24.93 3.44 27.9 24.6 57.8 3.2
29.83 44.01 21.0 1.55 27.58 16.0 76.2 3.8
10.78 35.75 22.03 2.14 32.17 16.6 69.6 5.8
22.22 18.22 27.61 3.21 26.72 23.6 82.5 2.1
10.83 33.76 21.93 2.14 30.96 21.2 62.2 4.4
18.37 17.64 21.19 3.41 13.76 17.0 62.6 2.0
13.08 25.8 17.85 1.85 8.06 24.7 59.4 3.4
32.97 39.68 24.21 2.24 18.49 20.7 75.5 5.1
28.57 15.14 29.67 1.66 12.54 20.7 51.7 4.8
34.85 20.24 5.35 2.17 32.86 24.6 81.8 5.3
33.76 32.47 14.08 2.8 29.24 17.9 69.5 4.8
35.26 17.28 11.22 1.78 15.84 15.4 76.5 2.3
12.22 26.88 22.84 2.49 11.94 17.8 76.3 5.7
35.48 19.49 19.42 2.13 10.94 25.1 67.7 1.3
39.99 32.45 17.75 1.87 16.15 18.4 61.1 1.3
15.2 43.48 29.07 1.76 32.58 16.7 84.8 5.4
17.17 22.67 12.31 3.43 23.22 18.6 71.3 1.8
29.39 22.95 15.06 3.41 16.19 23.0 63.0 4.7
21.16 16.65 15.44 2.87 22.17 16.0 77.1 2.4
12.28 24.66 11.77 3.39 16.63 25.8 58.4 4.6
32.25 42.48 19.0 1.96 13.92 25.8 70.1 3.0
18.24 44.88 27.52 3.07 18.47 26.6 52.4 2.2
38.85 15.98 5.59 1.96 23.21 18.3 84.6 4.7
18.16 40.41 26.48 2.99 28.14 27.5 78.0 3.7
25.93 30.16 22.88 3.05 33.83 21.4 82.2 3.8
13.78 25.44 12.18 1.53 28.22 24.7 71.1 5.7
11.9 44.02 29.13 2.68 15.74 17.1 66.6 3.3
20.96 30.41 10.46 3.27 23.35 27.3 69.6 1.6
17.86 35.25 19.47 1.58 22.6 26.8 72.2 3.2
11.92 36.5 28.63 2.68 10.17 15.6 67.8 2.0
32.72 44.33 26.16 3.43 23.82 23.4 69.1 4.2
34.72 20.46 29.99 3.49 33.23 27.9 65.1 3.3
28.43 23.07 7.47 2.46 11.86 23.7 53.2 3.5
31.5 31.37 22.38 1.74 18.75 19.4 52.6 1.3
10.34 18.35 17.6 3.14 32.25 16.5 54.4 4.8
31.61 17.69 26.66 1.85 32.96 22.7 72.4 3.2
17.19 28.08 26.55 1.6 27.63 19.3 83.4 2.1
16.44 27.52 19.73 1.95 29.61 15.4 71.4 2.6
37.16 31.55 20.33 3.43 27.37 21.0 83.0 5.9
22.26 21.52 22.44 2.7 33.44 21.6 56.4 4.3
20.6 28.81 7.22 2.73 29.11 15.1 73.7 3.2
33.97 38.96 8.05 1.56 32.79 16.8 50.7 3.4
36.61 21.27 28.64 1.57 17.22 22.7 68.0 3.6
10.79 36.96 13.14 2.11 11.6 27.9 63.4 2.3
16.05 25.28 12.63 2.36 20.19 21.8 60.2 3.7
19.73 43.41 6.36 1.87 22.81 20.6 62.9 2.9
25.41 28.04 16.59 3.21 20.49 23.5 74.7 1.8
31.54 20.27 8.82 2.09 12.5 24.3 54.5 1.8
29.22 22.92 17.96 3.11 30.89 23.7 69.8 4.1
23.47 31.81 25.05 1.52 15.65 22.5 73.5 1.9
12.59 35.94 15.77 2.56 21.36 27.7 73.9 4.3
30.03 43.72 16.96 1.6 18.1 26.9 68.2 3.0
14.98 29.29 13.4 2.64 24.98 19.3 50.6 4.3
21.4 36.3 7.11 3.47 17.91 23.9 62.7 4.0
12.87 17.31 27.79 3.42 34.23 19.9 80.9 5.6
39.75 27.14 25.69 3.44 14.75 17.7 78.9 5.5
12.76 20.82 23.05 1.81 30.03 24.7 52.0 2.9
31.15 19.1 26.26 1.85 23.95 15.8 77.5 5.8
28.58 32.19 14.2 3.11 25.17 18.1 70.0 4.4
23.31 26.38 18.67 1.79 21.46 25.5 62.0 4.1
21.03 23.5 21.44 1.89 18.73 21.8 69.2 1.7
37.17 38.33 19.47 2.14 14.67 20.3 81.2 3.3
36.91 20.87 26.94 3.31 22.14 18.6 50.3 2.0
16.62 36.26 5.02 3.13 22.16 24.3 79.0 3.1
36.44 38.0 20.05 2.67 26.62 17.3 67.6 3.8
16.35 42.01 15.19 2.98 19.18 18.3 50.8 4.8
24.65 33.39 28.94 2.02 14.76 22.8 54.2 5.7
22.01 22.53 29.24 2.54 34.67 22.8 74.6 2.5
11.34 39.79 7.6 2.67 9.4 26.8 80.5 2.5
11.27 37.92 17.77 2.27 32.36 22.7 82.2 2.4
38.19 26.08 24.65 2.67 24.11 16.4 75.9 4.4
34.24 41.64 29.9 3.32 13.37 26.0 83.1 3.5
18.01 27.15 6.48 3.22 31.62 26.1 82.6 1.3
27.94 29.3 25.22 1.65 29.01 19.8 65.1 4.4
25.68 27.72 8.5 2.19 27.09 18.1 84.3 3.1
36.43 33.72 9.43 1.95 11.52 24.0 84.7 3.3
30.96 34.62 28.39 2.03 9.98 19.9 59.8 3.2
32.56 34.83 16.31 3.49 19.87 16.4 52.8 4.5
16.32 42.08 26.18 2.6 18.02 27.6 72.7 5.4
24.96 25.58 7.11 3.42 32.59 18.7 51.7 4.2
19.62 26.3 10.21 1.81 19.31 20.8 75.4 3.4
26.71 26.14 21.87 2.08 33.27 26.0 65.6 1.0
23.06 15.25 12.61 2.5 24.3 23.1 84.5 4.8
13.24 24.1 13.11 2.41 8.59 22.3 70.8 1.5
18.04 21.58 11.13 2.94 22.37 21.2 68.3 5.4
32.95 29.3 16.63 1.62 34.27 16.8 80.3 4.3
39.61 40.89 15.91 2.12 11.51 19.0 74.7 2.8
30.94 42.63 10.4 2.31 15.69 28.0 76.5 5.0
36.49 39.63 25.93 2.23 23.27 18.7 75.3 1.4
23.91 30.75 24.71 2.77 23.47 18.0 77.9 2.0
39.1 25.71 9.24 3.39 9.05 16.6 69.4 1.5
18.39 41.03 27.51 2.27 26.64 18.1 55.6 4.2
26.6 37.06 14.22 1.85 22.48 17.8 63.1 2.9
15.07 25.09 10.15 3.16 23.65 16.0 65.9 2.6
14.09 25.26 26.8 3.47 24.43 16.0 50.9 1.1
39.23 22.85 27.84 3.29 32.78 21.4 57.2 4.4
33.72 26.04 25.78 1.68 19.72 17.0 67.7 4.2
24.66 20.22 12.8 1.69 11.36 21.1 51.0 5.8
20.66 18.55 8.8 3.03 14.53 16.0 79.6 4.8
15.54 17.7 13.94 1.73 25.71 15.7 74.0 1.5
13.63 19.81 24.55 2.87 15.37 26.2 82.0 4.5
34.22 33.35 14.66 2.28 34.37 20.7 57.4 4.1
14.87 15.19 20.27 2.64 23.19 17.3 62.6 4.4
27.93 40.46 8.64 3.18 25.42 18.7 73.1 2.8
31.44 43.16 18.62 1.68 32.9 21.2 74.7 5.5
34.93 19.51 9.42 2.25 13.73 26.8 58.3 2.2
29.84 37.33 7.42 1.74 22.8 23.3 78.1 1.9
25.26 36.41 7.61 2.83 17.0 16.2 69.0 5.8
25.89 30.81 28.45 1.58 31.29 18.7 64.6 2.6
27.03 20.73 23.39 1.79 9.72 15.5 70.5 2.6
39.05 18.93 20.26 3.5 27.5 24.2 50.5 5.3
30.85 38.09 23.86 1.73 25.01 23.9 81.7 2.5
17.36 38.52 10.43 3.41 16.91 25.0 78.0 3.5
12.28 28.71 11.62 1.95 25.7 24.2 64.6 3.8
35.89 42.98 12.28 2.23 11.52 15.9 84.8 3.7
34.35 19.64 28.8 3.15 28.11 26.1 64.6 1.9
28.8 27.55 13.54 2.63 23.76 22.5 76.9 3.1
22.75 31.97 18.4 1.84 15.71 18.0 63.5 3.1
17.9 36.61 9.2 2.84 10.97 17.5 78.3 2.2
38.42 15.78 13.85 2.38 12.88 27.9 75.4 5.0
30.52 33.31 23.4 2.96 25.62 19.7 64.8 1.0
34.47 35.59 27.91 2.15 10.86 15.1 61.7 5.6
39.55 44.24 9.08 1.83 17.74 16.5 75.3 5.6
27.41 17.03 13.08 1.78 34.55 19.0 81.0 5.3
23.01 20.38 8.02 2.13 29.38 22.2 78.5 4.1
39.6 32.95 19.33 2.81 23.36 16.1 78.3 2.3
13.85 15.5 10.61 2.29 8.48 20.4 62.2 3.6
19.78 19.59 21.08 1.87 9.78 19.0 73.6 1.7
30.43 26.86 28.67 3.33 20.36 21.9 74.1 2.2
30.32 30.36 20.33 1.6 24.03 26.9 71.6 1.7
21.07 28.78 11.47 2.57 30.82 22.3 68.0 5.6
39.93 24.51 24.59 2.04 21.69 21.9 79.7 1.6
13.46 36.44 26.63 2.94 34.14 24.4 77.5 1.3
26.45 24.79 20.97 2.28 13.14 27.3 79.1 1.7
14.29 41.0 12.47 3.17 24.15 27.9 68.5 2.7
11.48 32.57 18.6 2.73 26.67 24.2 66.5 4.0
22.44 41.25 26.46 2.98 24.82 20.2 63.8 2.4
39.23 38.74 7.17 1.78 25.81 27.0 76.8 4.4
13.57 31.97 11.74 1.82 19.07 17.7 58.0 1.6
31.01 20.01 13.02 1.82 28.3 16.2 72.1 2.9
11.05 32.75 7.31 2.96 19.55 25.0 56.1 5.1
39.79 24.78 5.85 1.88 17.47 26.6 58.9 3.6
19.49 15.1 20.78 3.09 13.47 16.7 63.7 5.6
23.4 15.66 17.38 2.29 9.89 18.5 52.4 2.8
37.55 39.52 6.86 2.22 24.19 20.7 77.0 1.7
28.29 29.54 9.2 1.96 17.04 22.6 74.2 5.2
33.34 24.25 11.16 2.33 29.17 28.0 64.4 5.5
37.65 33.38 23.03 2.2 23.43 18.2 62.3 3.5
33.53 39.13 10.13 1.91 12.42 18.2 83.8 1.6
25.98 19.8 24.58 2.75 22.73 19.2 79.2 5.1
21.86 33.51 13.82 2.48 31.16 17.6 58.0 4.7
31.81 29.6 6.65 2.13 14.08 26.0 79.4 2.6
34.23 42.94 24.95 2.58 16.8 26.2 79.6 2.6
25.47 41.82 28.47 2.01 22.33 16.2 53.1 1.8
38.85 22.58 8.11 1.58 10.5 25.2 53.9 1.6
13.72 28.43 24.47 2.68 30.89 25.5 52.2 5.0
12.69 17.34 28.77 2.37 32.61 17.0 80.0 1.7
15.15 24.55 24.98 3.04 30.94 18.8 63.2 4.9
11.9 29.77 22.97 2.89 29.04 17.7 76.5 4.3
19.9 21.4 5.31 2.17 12.81 15.8 66.4 1.1
29.18 19.99 8.89 2.81 22.64 24.2 65.1 3.2
15.74 26.87 21.17 1.99 23.1 19.7 55.1 1.7
36.26 34.89 21.57 1.95 23.91 27.0 61.9 5.2
20.3 25.42 9.4 1.69 28.52 19.7 54.8 2.0
17.46 27.21 28.98 3.19 23.23 15.2 53.0 3.9
33.71 43.11 21.68 2.27 10.46 27.1 64.1 5.5
23.32 23.09 5.82 2.5 9.79 24.6 53.3 1.6
29.88 35.46 18.33 2.39 17.83 15.4 79.9 2.7
10.02 33.91 10.78 1.95 23.12 22.2 53.6 3.2
39.73 38.77 8.54 2.44 23.07 15.8 83.7 2.4
34.73 37.41 7.43 3.0 12.24 27.9 51.0 5.6
14.91 35.51 9.78 3.37 10.44 21.6 83.4 4.9
11.54 21.49 8.86 2.79 15.01 15.3 55.2 1.7
38.97 40.39 20.01 2.87 8.65 27.2 65.9 2.7
14.57 29.15 18.01 2.02 24.11 16.1 54.7 1.8
19.35 34.6 20.22 2.74 31.79 19.6 78.8 4.2
29.13 36.99 25.91 3.11 27.69 26.0 71.4 4.3
26.69 42.04 15.71 2.25 12.29 22.1 58.6 1.8
33.12 41.54 13.87 2.39 23.59 20.1 56.6 3.5
28.3 44.98 19.24 2.88 30.2 16.5 82.2 5.3
31.8 16.75 10.75 1.97 14.83 21.8 64.5 3.1
29.76 20.12 25.18 2.29 12.13 20.5 56.6 4.1
25.14 36.23 12.94 3.26 27.82 22.4 58.3 5.0
22.95 38.38 20.37 1.9 13.18 21.4 69.8 4.3
23.75 20.06 7.23 2.59 17.4 25.5 67.8 1.3
22.4 28.24 13.16 2.53 9.7 19.9 57.2 2.0
12.03 33.38 20.47 3.07 13.45 23.0 80.6 2.1
22.42 19.77 17.75 3.43 24.76 16.5 54.3 2.7
39.53 39.13 25.25 2.94 12.79 26.0 72.7 3.3
33.96 44.44 19.17 2.88 17.76 24.2 72.2 3.4
36.5 28.48 25.37 2.88 26.68 26.2 80.9 1.6
26.34 21.16 11.89 3.07 20.92 18.4 85.0 5.3
33.91 29.47 27.04 1.97 16.51 24.3 61.7 1.5
30.25 42.82 22.18 3.44 34.01 26.6 69.1 5.1
23.76 41.7 21.17 3.31 13.24 17.7 64.4 1.6
27.77 28.04 29.88 2.0 34.32 16.9 68.4 4.9
15.83 27.52 20.12 2.56 29.69 25.8 82.5 4.1
12.61 26.16 26.18 2.07 16.18 19.5 83.8 5.2
38.02 17.25 7.94 1.96 21.8 27.7 75.3 2.4
12.36 15.78 28.32 2.53 25.01 19.6 53.8 3.1
28.89 22.47 25.02 2.97 24.85 23.5 84.4 5.9
34.42 41.95 14.13 3.18 25.32 16.9 78.1 1.2
21.49 21.53 6.4 2.61 27.59 19.8 79.8 2.4
31.53 22.49 29.24 3.27 32.25 23.6 68.2 5.6
32.26 27.47 8.94 1.58 30.19 18.5 60.4 5.3
19.05 21.32 18.24 2.2 28.4 25.2 82.0 1.3
22.8 38.33 13.1 1.62 22.32 22.5 69.7 1.9
31.97 38.02 22.42 1.86 11.0 23.5 59.6 5.6
16.75 37.63 21.52 2.73 28.82 17.3 66.2 5.1
11.48 23.06 24.45 2.62 23.19 25.9 72.5 5.4
11.76 42.44 7.41 3.37 14.84 21.7 62.3 5.2
30.38 21.19 6.16 3.27 24.76 17.3 69.5 5.1
30.36 20.19 14.16 2.53 22.18 22.2 51.9 1.9
21.66 32.74 5.05 1.65 32.24 15.2 81.2 4.9
20.29 15.19 7.41 1.7 10.8 15.4 60.8 3.8
11.36 42.9 14.28 2.06 22.35 15.5 51.5 3.2
25.2 33.87 19.68 3.34 19.61 23.0 76.9 1.9
18.91 35.94 17.11 1.58 14.87 23.5 83.2 2.6
38.0 41.31 27.35 2.76 19.11 21.0 52.1 1.9
13.1 26.36 13.21 3.26 15.03 22.7 67.2 2.0
21.99 31.84 7.8 2.53 8.43 17.7 81.9 2.8
33.46 19.14 18.14 1.81 27.25 21.4 83.4 4.9
34.48 27.09 5.0 3.33 27.99 18.0 80.5 4.5
33.82 38.61 23.86 2.61 23.3 19.1 83.8 1.2
23.77 42.37 18.02 1.63 16.86 18.2 68.6 4.2
31.2 22.4 23.59 1.75 26.06 25.7 65.6 4.2
16.39 23.32 24.94 2.0 17.99 21.4 60.2 3.1
12.12 31.2 9.73 2.93 33.66 19.5 74.6 3.3
21.16 15.2 23.55 2.51 8.79 21.2 75.2 4.7
16.81 23.6 6.67 1.85 32.01 27.8 75.3 1.4
30.84 17.44 19.03 2.21 9.1 20.0 75.4 5.8
35.63 40.28 25.59 3.0 32.85 15.2 83.2 4.4
23.64 29.34 8.37 2.09 8.26 26.0 74.5 1.8
34.23 31.5 29.86 2.61 23.6 17.9 67.3 3.4
25.75 29.27 13.7 2.0 10.43 26.9 51.6 3.2
24.75 18.2 5.9 2.82 34.63 26.0 53.1 3.6
26.26 20.58 13.36 2.7 11.9 26.3 68.1 3.5
17.49 40.49 25.77 3.39 32.96 20.4 78.5 5.5
27.19 33.68 25.1 3.27 21.76 15.6 55.5 2.7
10.8 18.76 13.25 2.62 24.99 25.5 66.0 2.3
23.06 43.11 10.23 3.38 30.09 22.7 69.7 2.8
28.91 26.97 29.75 2.13 9.51 24.9 58.3 2.8
16.35 17.42 21.63 2.07 29.59 17.0 71.0 4.2
30.94 33.41 25.38 2.91 29.59 19.0 51.5 4.1
11.47 17.17 11.55 3.05 23.67 27.5 65.1 3.2
25.86 29.26 13.66 2.99 27.3 15.2 65.5 1.5
29.62 38.88 20.57 1.69 22.19 22.8 80.8 3.1
38.46 38.45 24.78 3.41 28.6 20.5 76.7 2.1
17.76 31.06 25.91 3.14 18.07 15.8 61.2 1.4
25.4 27.5 26.48 3.22 32.55 15.1 81.3 5.9
28.89 16.08 16.34 3.23 23.67 22.5 54.2 4.9
15.15 37.29 8.85 2.75 11.27 24.2 79.1 5.8
16.73 42.43 17.0 2.68 16.03 25.7 74.3 1.0
38.34 18.22 29.72 2.76 25.88 20.7 53.4 2.3
15.49 20.15 29.98 2.27 26.53 23.5 54.3 1.5
11.69 40.71 24.66 2.35 29.99 18.7 73.4 4.0
10.78 29.7 7.65 2.85 23.82 26.8 60.3 4.9
19.35 19.71 26.97 2.5 15.9 15.4 78.5 3.0
31.41 20.6 6.38 3.2 12.33 26.3 67.2 1.2
26.15 28.27 17.49 2.67 23.73 16.7 55.5 1.8
13.68 24.2 13.43 1.92 14.83 19.4 67.6 1.9
26.52 23.93 23.06 2.15 17.88 20.5 80.8 3.5
18.76 28.2 8.14 3.06 16.76 15.7 57.7 4.1
35.63 39.63 18.89 2.25 15.89 22.4 61.3 1.2
34.91 22.25 18.7 2.28 27.66 24.2 80.1 1.7
37.62 27.1 12.94 2.36 11.04 26.8 67.3 3.7
23.72 33.23 28.58 1.81 19.93 19.2 76.8 4.0
24.07 30.88 18.21 2.22 26.24 16.4 51.2 3.2
15.15 33.14 6.87 2.28 26.58 27.7 62.6 2.3
37.43 20.77 18.85 2.58 28.37 17.0 84.8 2.5
12.27 35.22 15.19 2.28 14.39 19.8 59.6 3.2
27.62 20.13 17.7 1.63 10.77 15.9 53.9 4.3
19.55 40.08 15.91 2.05 19.38 15.3 74.4 1.9
11.28 26.85 20.55 1.72 23.78 27.7 60.4 3.4
21.91 27.38 24.9 1.53 17.68 19.3 81.0 5.5
16.05 24.5 28.34 2.4 20.26 26.3 74.9 3.6
13.64 38.33 14.77 3.28 19.61 18.9 52.3 3.3
35.03 43.46 5.65 2.59 18.15 16.6 69.2 3.1
21.41 25.26 10.85 2.25 28.81 15.7 66.0 5.0
29.58 19.65 7.24 3.43 23.1 27.8 53.4 5.3
12.23 36.14 13.91 1.89 24.14 18.4 65.9 4.3
20.74 34.87 6.23 2.68 17.96 23.1 63.0 5.0
13.82 32.76 13.58 2.72 16.01 16.5 84.2 3.6
26.21 31.68 6.97 2.9 23.87 17.7 77.2 2.4
37.35 25.64 8.43 3.12 13.65 27.9 57.8 5.4
31.78 21.86 13.64 2.02 14.96 20.0 78.7 2.2
35.5 44.27 22.37 1.67 25.89 23.3 72.5 1.1
27.13 33.28 18.1 1.82 26.93 27.6 68.9 2.1
27.13 44.11 7.11 3.22 18.59 21.7 74.1 5.0
12.81 20.19 7.54 2.14 16.05 17.0 73.4 1.0
11.96 37.1 7.84 2.87 27.93 21.4 81.3 4.5
35.29 41.79 9.36 3.15 21.31 24.7 77.4 3.5
12.51 44.03 14.79 3.06 8.3 17.4 66.2 3.2
36.1 23.35 7.94 2.39 18.03 25.6 54.9 4.2
27.6 26.07 13.28 2.54 8.63 27.1 67.5 1.8
18.75 18.08 14.0 3.05 10.21 20.5 54.8 1.3
36.01 18.61 14.64 2.94 26.03 18.4 67.2 4.2
28.25 44.19 6.18 1.56 19.86 20.9 71.7 2.4
10.55 32.27 15.98 1.63 13.0 18.3 56.0 5.7
24.15 28.75 10.74 3.35 30.9 19.5 69.1 1.2
17.13 45.0 5.69 2.14 16.14 20.6 52.6 3.6
39.63 44.35 26.48 2.25 14.91 27.5 77.6 4.8
29.68 38.26 13.72 1.72 21.78 20.7 67.9 1.1
22.41 19.74 6.76 1.6 25.39 16.6 50.3 5.8
38.93 15.97 27.9 2.17 10.75 17.7 67.9 5.8
17.52 34.09 6.75 1.91 21.95 22.7 82.5 2.7
21.92 39.43 8.58 2.85 12.14 22.9 82.8 5.9
22.59 24.54 7.69 2.03 25.34 27.4 73.9 2.3
31.42 37.59 17.5 1.5 18.46 15.3 58.4 1.3
38.95 34.28 21.57 3.14 15.15 25.4 69.7 4.0
38.13 35.84 6.58 1.73 29.34 15.2 78.7 5.1
17.14 22.69 18.83 2.37 24.1 25.7 70.2 5.8
25.89 30.49 6.65 1.54 11.62 21.9 76.8 5.6
21.04 24.63 20.88 2.44 24.66 18.7 51.8 1.9
11.59 43.44 12.77 3.35 17.84 16.0 75.4 2.1
38.74 31.52 13.48 2.61 26.66 15.1 62.9 4.4
12.58 29.91 6.93 1.96 26.16 27.3 75.6 5.2
12.98 42.93 6.38 1.96 22.37 22.1 64.0 3.4
15.46 32.84 9.35 2.21 31.37 19.3 63.8 5.2
34.25 35.17 19.06 2.7 24.1 25.3 81.8 2.8
33.32 25.98 18.17 2.59 13.47 25.9 75.3 2.0
29.66 15.57 12.76 3.22 23.26 27.7 63.5 1.2
12.7 36.3 23.78 2.21 11.93 25.5 54.3 1.1
15.72 23.26 16.71 1.64 19.59 17.5 64.8 1.1
32.88 40.7 13.76 2.32 22.72 19.9 80.6 4.3
39.32 44.21 26.61 2.16 26.16 22.9 64.8 2.0
30.35 44.74 24.09 1.98 13.81 19.7 58.0 2.1
18.66 44.82 6.46 2.99 12.19 16.7 53.0 4.2
15.02 26.0 28.8 1.74 26.5 21.1 76.0 5.8
12.94 30.01 17.31 3.21 31.85 24.6 81.4 1.5
32.2 18.21 25.51 2.44 20.79 23.1 52.6 3.4
12.61 29.57 7.58 3.03 20.42 16.0 50.1 4.2
25.86 31.92 5.49 3.48 16.42 22.1 67.6 1.0
Valle
22.19 29.35 14.11 3.14 16.25 20.2 67.8 3.8
35.88 39.68 12.69 3.24 30.5 15.5 56.6 2.4
26.33 40.33 8.91 2.12 8.92 19.5 64.0 4.3
12.76 37.34 18.98 2.8 12.01 27.1 81.6 2.8
12.32 15.91 11.96 1.89 32.54 15.2 76.4 5.3
21.26 22.82 12.88 3.0 11.78 23.7 52.6 4.7
19.18 16.62 11.67 2.63 27.47 22.7 56.3 4.6
24.05 23.12 8.52 1.96 12.78 23.3 53.9 1.2
29.26 30.58 13.66 2.6 23.56 27.9 79.6 2.3
26.71 19.95 15.7 1.82 35.0 16.4 78.2 1.1
29.35 17.42 28.15 2.38 23.64 15.8 84.5 3.3
25.66 33.66 24.42 1.94 28.45 23.2 57.7 5.2
16.26 25.1 19.16 1.68 30.86 21.9 82.9 5.9
18.43 34.18 19.17 2.66 11.28 21.7 62.2 2.2
33.25 23.14 24.53 2.87 34.32 21.8 80.2 4.5
30.9 36.13 21.85 1.76 32.07 15.3 64.0 2.6
12.29 25.2 18.82 1.82 25.79 27.1 66.1 3.6
39.49 27.9 8.7 2.49 32.48 27.9 75.5 5.4
28.98 41.56 12.15 3.22 30.24 22.5 71.2 3.2
22.24 43.02 20.72 2.77 21.56 24.7 80.8 4.7
30.3 32.49 5.43 3.11 13.62 15.4 51.4 6.0
37.44 17.86 14.89 2.92 17.94 27.1 68.3 2.9
26.39 42.96 9.67 2.97 18.84 15.2 63.0 3.0
18.74 31.48 18.53 2.86 33.01 20.5 78.3 3.9
30.9 18.6 28.76 3.41 26.85 24.9 66.7 2.6
13.38 44.91 6.23 2.26 14.98 20.2 73.8 1.3
17.19 38.41 24.51 3.3 23.92 19.3 50.9 4.4
34.47 36.25 11.2 1.81 9.0 23.7 80.6 5.2
39.85 23.11 25.92 2.78 30.22 21.4 62.0 3.7
39.58 44.5 7.94 3.32 13.98 21.1 83.4 4.2
15.75 35.81 11.24 3.0 24.44 18.8 57.2 5.6
29.02 22.11 11.04 1.88 26.41 18.1 75.5 5.4
10.53 18.11 24.87 2.41 15.35 21.8 61.7 2.1
38.29 28.14 18.51 3.0 32.34 18.9 63.5 2.7
23.63 43.0 8.42 3.2 29.74 22.1 57.4 5.1
35.6 44.29 24.23 3.42 23.18 23.9 68.8 4.0
21.87 28.56 5.89 3.13 17.45 27.4 63.4 4.0
10.94 42.28 5.7 2.32 8.17 22.8 78.2 3.9
38.91 31.55 17.61 2.13 31.65 19.3 63.1 1.2
37.18 22.81 12.92 2.84 30.57 19.5 58.9 2.9
39.8 16.22 8.18 2.74 33.98 16.7 70.2 1.1
38.31 27.06 8.39 2.12 12.68 17.0 73.0 2.7
25.95 33.66 11.19 2.18 14.39 27.6 52.5 4.1
29.41 25.06 21.5 2.28 18.71 22.9 76.8 3.4
17.3 41.22 18.62 2.85 18.06 17.3 52.0 2.9
10.96 40.38 25.82 1.68 18.03 25.9 73.4 4.9
11.91 24.04 22.13 2.5 33.11 18.5 62.7 2.4
35.75 23.4 6.67 1.95 14.68 15.6 61.2 3.9
13.95 18.43 14.08 2.15 24.91 15.5 72.0 5.9
37.84 31.28 24.0 2.94 11.67 27.0 68.6 2.8
38.2 37.43 15.17 3.21 27.6 16.2 59.3 2.7
16.95 26.72 12.45 2.46 18.09 22.6 68.4 2.4
25.47 37.7 28.43 1.6 30.05 15.3 56.9 4.8
39.76 27.92 18.2 2.69 21.18 19.1 83.6 3.1
18.23 40.5 27.25 1.57 25.46 19.5 81.3 3.7
39.16 41.54 14.46 3.41 19.97 27.4 67.1 1.4
26.4 36.2 17.2 3.34 19.65 17.8 59.2 2.3
39.96 28.79 23.87 1.91 33.34 18.2 81.3 2.6
12.83 17.51 22.26 2.79 23.54 23.6 55.6 5.6
38.85 38.04 7.69 3.48 24.47 23.2 66.6 6.0
28.7 24.72 11.52 2.54 22.17 18.2 79.5 2.8
24.69 22.83 17.43 1.95 15.36 15.2 74.4 5.0
39.85 25.38 11.98 3.02 27.43 15.8 53.7 2.1
12.95 19.61 28.34 3.35 21.49 24.7 81.8 3.4
39.56 15.5 7.95 3.4 28.18 16.4 71.0 5.3
16.83 32.15 21.51 3.3 28.23 22.5 78.3 1.2
36.55 19.23 24.9 3.12 27.57 27.9 66.4 4.3
28.78 23.46 15.14 1.66 15.17 24.8 73.5 1.4
28.09 15.39 15.53 1.91 22.57 25.1 75.6 4.4
29.85 39.22 10.32 2.82 19.7 26.2 67.3 4.0
17.88 21.27 7.15 1.95 34.35 15.8 50.3 1.4
14.19 41.67 27.28 3.43 22.67 19.4 50.7 1.5
10.43 38.46 23.88 3.26 25.72 27.2 58.3 2.2
27.87 30.1 7.31 3.06 13.53 18.7 58.6 1.8
39.95 21.77 25.43 2.9 9.25 21.7 52.4 3.7
13.96 29.68 21.92 2.05 25.26 22.1 76.3 3.8
10.18 17.13 10.83 2.09 21.87 19.5 55.7 5.1
34.59 29.59 19.61 2.13 32.0 24.4 72.2 5.1
26.25 31.12 11.9 3.08 16.02 20.6 54.6 1.8
24.79 32.0 23.56 1.81 28.13 26.0 56.4 2.7
20.18 36.37 26.6 1.68 28.67 15.2 58.3 1.7
12.2 15.22 19.97 3.18 26.47 22.3 72.0 2.5
31.2 44.93 10.94 2.15 30.65 22.3 54.5 3.1
24.77 21.81 8.79 2.04 17.07 26.2 77.3 2.5
37.41 32.4 6.81 2.93 12.33 19.3 73.1 4.3
10.57 25.25 15.06 2.64 34.81 20.1 71.4 1.1
24.35 43.31 5.7 2.36 21.42 20.2 61.5 2.2
28.53 27.08 29.2 2.33 11.86 16.9 82.2 4.2
38.41 19.88 20.31 2.65 18.16 22.7 75.5 1.1
33.37 44.62 27.0 1.94 30.5 23.3 73.0 1.4
30.15 38.13 25.64 3.04 9.9 21.1 72.1 5.8
28.97 39.38 18.73 2.79 13.19 16.3 78.8 1.3
38.43 39.42 6.49 2.83 29.25 27.0 64.7 5.6
13.91 16.97 19.27 2.68 29.4 15.4 63.4 3.8
18.09 29.3 5.07 3.36 18.43 25.5 58.0 3.3
23.94 36.74 29.02 2.58 12.67 26.3 78.9 3.3
37.32 39.29 29.7 2.6 30.52 16.8 53.8 4.4
13.71 28.51 21.36 3.44 32.31 19.8 56.6 1.8
27.49 32.76 15.93 1.88 32.09 15.8 50.7 4.0
24.42 41.72 7.42 2.69 32.83 26.2 70.7 4.1
15.51 29.56 28.52 2.75 13.62 17.3 66.6 5.2
37.11 33.48 23.44 1.95 32.5 26.0 62.1 3.9
16.29 23.13 24.81 1.58 10.39 26.4 64.1 2.6
24.96 24.04 18.71 2.33 29.84 26.8 59.1 2.3
38.2 43.5 9.08 2.87 27.07 23.6 81.6 4.7
12.99 40.33 29.28 2.08 10.55 18.0 54.7 2.0
20.22 26.79 11.02 3.07 10.39 27.0 55.0 3.1
19.31 30.96 25.39 1.53 20.14 20.4 62.7 4.1
11.04 41.7 13.31 2.39 31.87 24.4 62.3 1.8
18.51 44.41 8.8 2.1 9.83 16.3 78.8 1.7
25.66 19.6 26.56 2.29 18.12 19.8 55.4 1.4
38.56 27.81 9.97 2.52 13.42 22.3 70.6 4.7
39.45 18.81 22.82 2.81 32.47 15.2 55.6 5.5
13.57 31.14 13.71 2.43 27.43 19.2 57.3 3.7
31.97 29.92 24.21 2.99 9.8 17.5 54.5 2.8
16.79 20.74 16.25 3.11 30.04 23.2 80.4 6.0
15.72 27.14 15.61 3.46 18.86 17.5 79.2 4.3
24.08 28.02 7.3 1.78 23.38 19.5 70.0 5.9
17.18 39.65 19.24 2.62 14.77 22.4 62.2 1.1
30.58 22.37 10.91 2.66 21.83 21.1 56.1 1.7
27.37 27.96 9.51 2.72 20.84 24.7 81.7 5.5
25.27 31.88 24.62 2.22 26.69 18.8 63.1 4.8
25.65 33.88 6.83 3.3 14.87 15.9 52.9 3.0
31.37 39.35 28.06 3.2 13.34 19.4 62.7 2.2
20.8 22.44 8.52 2.84 12.57 15.3 76.7 1.1
38.02 31.73 23.88 2.92 13.97 20.2 81.9 1.6
35.0 35.77 19.46 3.32 31.5 18.4 69.5 4.0
16.29 19.62 16.34 3.28 25.5 26.6 60.7 1.1
16.79 29.73 28.99 1.62 26.41 19.4 58.8 3.9
20.66 22.07 20.08 2.12 26.84 20.8 50.9 5.1
10.44 33.61 23.76 1.83 13.84 18.0 75.3 1.7
12.08 26.24 10.51 3.46 28.27 17.7 81.4 4.2
30.16 30.19 5.64 2.77 19.1 25.1 52.1 5.0
25.32 23.28 18.8 2.15 23.08 15.6 70.3 5.2
15.94 16.32 13.91 2.7 17.18 22.2 54.1 1.0
13.57 30.88 7.09 1.9 26.05 20.6 76.3 2.9
12.38 30.67 18.13 2.95 29.08 18.2 69.3 2.4
17.3 43.88 28.24 2.1 16.01 18.7 61.0 3.4
15.54 19.33 19.24 3.3 33.82 21.5 68.2 1.5
13.24 39.75 15.7 2.16 32.42 27.8 77.4 3.7
11.42 34.97 5.48 1.69 31.52 23.8 72.9 4.5
12.17 31.93 16.69 2.94 9.2 15.2 72.7 5.9
39.43 15.65 25.76 3.21 11.02 18.8 71.5 3.6
29.11 32.54 11.7 1.54 22.05 25.8 60.1 5.5
25.67 43.72 7.32 1.81 26.24 23.4 76.6 5.5
22.53 36.32 11.43 1.63 25.84 24.7 74.0 2.9
38.64 24.55 6.93 2.48 32.07 15.4 68.7 2.2
33.31 23.99 24.98 3.25 15.68 16.3 72.2 2.0
35.14 27.54 19.22 2.63 29.77 27.7 54.0 3.8
23.14 30.06 25.28 2.73 16.8 18.2 54.9 4.9
18.51 27.64 15.16 3.43 30.07 21.1 83.4 4.0
36.15 18.84 6.8 2.57 33.74 21.5 73.2 5.0
20.56 40.58 22.41 1.51 16.45 26.0 83.9 2.5
19.18 31.86 15.81 1.53 13.38 25.7 82.3 2.9
10.22 32.05 24.92 2.44 24.13 22.5 83.6 1.8
29.45 16.9 28.32 2.51 34.05 20.4 58.7 2.2
26.63 19.41 27.92 2.35 28.91 18.9 71.8 2.9
34.23 26.11 20.73 2.45 25.27 18.2 83.2 4.4
35.59 22.09 13.21 2.44 32.58 24.1 79.6 4.8
29.54 33.22 16.23 1.88 17.71 23.3 60.4 5.6
17.04 28.96 16.79 2.09 34.65 19.9 81.4 2.8
36.55 39.45 7.13 2.18 17.88 27.9 80.3 4.9
13.85 34.56 14.36 2.97 8.04 17.4 77.0 1.9
10.57 21.85 20.17 2.67 21.02 20.6 79.5 5.3
22.56 19.71 15.66 2.35 12.9 22.5 74.4 3.0
13.41 26.94 14.93 1.89 21.03 18.6 53.1 5.9
37.84 22.49 28.05 3.35 20.27 18.4 65.7 2.9
13.7 24.26 26.36 2.06 32.33 24.7 64.3 1.9
18.43 16.44 20.41 3.39 24.25 15.8 63.9 2.7
16.06 42.25 17.13 1.66 25.35 26.5 50.3 4.1
35.35 33.13 14.77 3.39 19.47 25.0 79.6 4.8
28.77 39.92 27.75 2.78 18.34 15.4 82.6 3.2
32.78 24.13 11.64 3.45 10.21 20.4 78.1 2.1
30.76 36.82 18.75 2.27 26.62 18.5 54.1 4.7
10.6 17.02 28.97 1.62 26.48 18.5 67.6 4.7
22.85 31.13 7.98 1.63 22.27 17.2 78.8 2.7
17.93 16.74 7.39 2.45 25.79 25.3 81.6 4.7
31.04 16.24 20.69 3.15 33.78 16.0 63.0 3.3
29.64 37.92 22.35 2.79 30.44 25.3 83.2 4.4
31.29 43.83 26.06 2.23 11.67 23.6 58.1 2.5
14.3 36.61 24.49 3.26 18.44 16.5 66.8 5.0
28.33 23.48 10.61 3.37 21.12 27.1 52.4 5.6
37.58 27.87 20.68 3.11 33.32 20.7 68.5 4.8
33.8 34.36 24.46 2.8 30.09 25.4 80.6 3.2
20.62 39.11 25.94 2.06 31.65 25.2 57.1 2.7
29.53 42.48 20.11 2.13 26.89 16.6 57.1 3.3
25.43 24.05 19.39 2.94 22.77 21.7 52.4 2.5
13.75 35.57 8.64 3.17 28.98 26.6 79.3 4.0
27.63 41.67 10.24 2.49 9.58 24.9 83.7 4.3
19.56 43.79 10.09 3.07 17.0 19.8 61.9 3.4
20.95 41.47 28.37 2.47 15.15 20.6 61.1 3.3
39.7 22.62 18.99 1.84 30.52 26.7 68.1 1.9
11.16 26.08 29.19 3.0 18.62 24.4 70.2 1.5
12.92 18.61 12.3 3.43 31.59 22.8 74.5 5.9
10.46 36.32 8.02 1.87 18.56 20.0 82.1 5.7
27.25 35.73 18.42 3.0 30.17 16.8 68.6 5.6
26.38 31.56 21.41 1.91 32.14 24.6 73.0 3.4
21.89 23.28 25.65 2.06 11.81 22.8 55.6 5.3
36.75 21.05 26.36 2.09 28.06 16.6 80.9 1.2
14.23 30.5 9.98 3.49 28.72 21.4 62.1 3.6
16.39 34.13 22.05 3.28 27.22 24.5 58.4 3.5
32.37 32.36 16.64 2.76 12.29 21.9 79.0 3.0
27.47 31.88 27.16 2.46 14.24 25.0 62.0 5.4
30.16 15.25 10.26 2.85 16.53 16.1 81.4 3.1
10.28 39.17 12.4 2.76 30.01 18.7 51.6 2.6
24.13 36.25 24.25 2.61 30.21 28.0 50.4 5.3
10.87 18.92 20.93 3.32 10.61 16.6 62.8 5.4
20.29 35.58 16.3 1.99 17.12 25.1 62.8 2.7
29.58 35.83 9.92 2.42 34.44 19.0 69.2 1.1
20.45 22.52 21.56 3.31 25.59 26.7 66.6 1.3
32.66 38.02 12.72 3.24 18.89 25.9 82.9 5.2
30.91 26.66 27.36 3.46 8.44 22.3 58.8 3.5
39.66 31.95 19.88 2.12 28.91 25.6 83.5 5.6
22.31 42.31 12.18 3.47 25.43 16.8 70.9 2.6
28.71 31.53 17.51 2.34 21.01 27.2 66.7 2.1
26.26 35.27 13.24 3.2 8.55 17.2 74.6 1.9
18.82 21.3 5.7 2.26 9.66 16.0 59.5 4.2
17.94 40.84 19.09 2.73 10.36 19.4 60.1 2.8
36.24 41.9 29.49 2.43 29.06 15.0 77.6 3.6
20.8 22.52 16.64 3.45 25.33 21.5 70.1 1.9
23.37 27.05 10.29 3.44 8.62 15.8 65.2 2.8
17.87 30.88 23.37 1.91 8.07 24.2 82.1 3.7
12.55 22.09 7.68 2.47 27.81 25.1 83.0 3.9
29.8 26.7 25.96 2.29 34.96 24.7 75.2 1.3
35.68 42.79 11.53 1.99 26.93 20.4 73.4 3.2
31.99 21.19 15.68 2.62 25.5 23.3 69.1 3.5
22.33 34.27 10.99 3.2 25.76 21.1 72.6 4.6
17.8 29.52 25.94 2.4 15.55 18.4 73.3 3.5
29.2 35.61 17.24 2.21 30.57 19.2 81.9 2.4
19.34 40.84 13.92 1.8 15.24 18.4 73.4 4.5
30.92 19.43 26.54 2.41 33.49 25.3 55.1 1.8
19.02 20.23 12.34 3.36 24.21 23.8 56.3 2.3
19.03 41.43 6.56 2.06 30.82 22.5 69.8 4.8
11.96 38.41 6.04 3.29 21.8 25.7 58.7 3.3
27.48 27.22 19.49 1.67 10.94 21.7 65.6 4.5
38.15 39.1 18.19 1.64 13.68 25.5 56.4 5.4
14.98 38.75 8.47 2.64 30.33 19.9 79.5 4.6
27.01 19.94 15.23 3.05 31.02 21.1 72.1 2.5
11.07 16.69 18.92 2.21 29.05 25.4 58.6 4.2
19.72 36.29 12.59 1.87 11.33 15.5 75.1 5.5
38.43 28.22 7.5 3.03 12.37 21.0 53.4 5.1
31.08 43.17 29.95 2.47 12.41 20.4 66.6 2.0
21.98 27.42 24.24 2.55 32.37 26.1 84.1 5.2
38.49 20.01 18.24 3.45 33.25 23.8 64.2 5.7
28.07 32.48 18.89 2.69 23.32 24.4 70.0 3.5
34.02 26.08 29.83 2.66 28.43 16.7 58.2 3.8
25.72 43.53 7.02 1.87 18.3 18.6 77.7 2.8
16.11 25.53 24.6 2.65 19.32 17.1 84.4 4.0
28.71 17.53 7.11 3.19 27.1 16.7 63.6 1.5
29.96 16.05 27.72 3.14 24.72 20.0 51.6 4.9
30.98 15.03 28.0 1.87 22.04 15.9 51.6 2.3
16.96 27.77 22.49 1.75 34.6 22.4 79.0 5.6
19.32 24.63 20.47 2.94 14.45 18.4 51.8 1.9
31.27 41.88 8.1 2.15 30.05 25.9 57.3 5.9
34.89 27.16 5.58 1.51 16.5 17.4 83.2 2.5
26.58 40.03 9.84 2.09 34.43 22.3 79.3 4.9
24.25 19.97 7.11 3.17 28.4 22.7 80.1 5.5
19.19 33.62 18.2 3.18 14.97 27.8 65.7 3.6
33.12 27.54 13.25 3.39 32.34 26.6 80.3 5.2
13.44 44.89 10.3 2.26 8.9 17.9 66.9 3.3
25.88 17.24 11.89 3.49 16.43 27.4 59.8 5.2
26.01 37.13 12.21 2.54 12.44 21.6 61.9 5.7
25.16 36.19 22.52 2.99 31.1 18.4 82.0 5.3
18.37 32.48 14.02 1.71 23.85 15.3 59.7 2.7
34.02 43.65 9.11 2.6 13.78 27.2 52.2 5.3
16.22 16.79 12.09 3.27 9.74 21.0 50.5 5.9
12.08 33.89 22.47 1.94 15.52 19.5 70.1 5.8
17.39 27.15 14.9 2.21 26.53 17.9 53.5 1.2
25.73 20.32 15.83 1.75 19.19 19.9 75.6 5.2
25.43 21.81 11.96 3.22 26.47 26.2 52.3 1.5
10.35 15.81 12.08 1.76 8.93 22.0 78.9 2.5
15.34 23.57 28.73 3.27 25.76 18.3 82.9 4.6
21.33 20.5 5.26 1.93 13.33 22.8 67.9 3.3
36.78 38.14 29.56 2.42 11.82 15.7 82.4 4.9
11.6 25.08 16.95 3.49 30.66 22.7 76.9 4.7
25.08 19.15 17.48 2.06 11.96 21.7 83.9 2.0
29.62 15.62 12.86 1.58 25.38 26.6 69.5 2.4
29.58 28.86 7.31 2.58 16.22 17.9 68.1 4.0
32.34 20.32 29.96 1.73 27.17 15.7 68.4 5.7
38.58 40.67 14.66 2.46 29.42 15.4 71.4 5.2
25.45 31.64 12.8 3.49 28.47 17.8 78.9 1.6
19.22 23.67 22.36 3.36 24.17 17.2 60.5 1.6
30.79 33.34 7.34 1.71 32.0 17.9 65.2 5.1
28.63 30.22 13.42 2.39 30.56 25.9 68.9 3.9
13.78 40.21 15.36 2.18 19.92 18.2 66.2 1.3
10.93 33.96 10.29 2.42 9.35 17.4 75.9 3.2
37.65 16.45 21.46 2.66 33.41 17.8 82.0 5.3
26.45 35.29 16.25 3.01 8.43 25.5 76.1 5.9
37.06 28.83 12.63 1.83 16.79 21.1 50.8 5.0
29.65 31.82 8.67 1.85 29.48 24.8 69.8 3.9
34.65 25.07 27.08 2.09 22.54 16.7 54.5 5.5
13.75 28.69 28.1 3.4 9.63 17.6 77.6 2.3
15.2 44.24 27.14 2.87 15.35 24.2 55.5 5.8
32.82 34.79 16.21 1.58 20.65 25.9 69.5 5.5
14.66 23.08 23.82 1.9 25.07 19.2 52.5 3.4
37.45 37.81 23.1 1.5 21.34 22.2 69.8 2.7
22.13 37.58 13.26 3.23 16.16 15.5 79.2 2.8
33.45 41.56 8.48 2.98 8.54 17.3 63.7 4.2
38.12 20.0 28.58 3.2 15.99 17.5 51.3 4.1
20.88 20.92 25.06 3.27 8.03 27.2 57.1 5.9
13.47 16.53 16.59 3.15 16.17 26.1 63.6 3.1
34.57 22.28 18.35 1.68 11.81 19.4 82.8 5.6
24.88 18.54 11.83 2.59 34.14 26.6 78.4 4.7
31.69 17.36 24.06 1.96 14.63 23.7 75.9 5.6
34.21 18.38 17.12 2.43 10.4 19.1 54.7 1.4
26.15 35.97 20.53 3.22 33.53 23.4 53.3 4.9
36.94 20.78 17.35 3.33 24.94 27.1 70.9 5.6
19.19 27.07 19.52 2.1 29.27 21.9 57.0 2.4
33.14 17.2 14.63 2.34 23.52 16.3 65.5 1.8
24.05 23.38 24.26 1.59 18.48 25.9 62.3 1.9
27.46 17.28 12.19 3.21 25.04 24.3 80.7 1.7
32.92 44.96 12.12 2.23 29.92 16.4 84.5 5.7
32.3 33.63 25.27 3.1 9.45 15.1 70.8 5.8
18.14 43.37 6.91 1.92 25.99 16.0 70.5 3.1
16.45 42.68 19.57 1.71 17.89 19.7 63.5 4.0
15.39 18.32 15.22 3.43 17.03 27.4 85.0 3.7
31.73 17.83 12.65 2.63 31.68 25.3 51.7 2.7
30.81 35.66 9.12 2.27 23.65 26.7 67.5 1.3
14.71 42.93 10.33 2.34 31.18 18.9 63.8 4.6
14.81 26.48 12.21 1.54 20.87 15.6 78.8 1.8
26.05 33.12 9.41 2.76 17.97 25.7 55.6 1.8
32.65 38.5 18.28 2.63 19.07 27.0 81.0 2.9
18.17 27.09 25.34 3.37 34.28 21.9 78.2 5.7
38.86 37.9 19.04 2.36 10.58 21.6 65.5 4.3
36.09 39.96 19.39 2.61 24.56 25.9 59.4 4.9
39.29 36.47 26.91 3.3 18.4 21.1 81.4 4.8
26.8 32.94 7.77 2.85 17.49 25.8 80.7 3.5
12.45 44.37 11.13 2.24 22.99 16.9 55.3 5.3
17.48 42.99 13.1 2.38 27.79 20.8 57.7 4.5
37.02 28.02 22.3 2.01 18.97 21.0 83.5 1.1
28.98 22.34 25.18 3.26 14.11 25.8 55.4 4.4
17.49 25.35 21.19 1.8 11.38 16.4 56.7 3.2
16.19 23.63 25.62 2.53 10.79 24.7 75.2 3.8
28.07 27.82 29.6 1.7 19.45 16.3 79.8 1.6
31.24 20.9 8.29 1.79 12.39 23.0 64.4 2.9
16.94 25.37 23.39 2.57 20.41 17.0 83.5 1.8
38.39 19.34 6.67 1.97 14.7 22.5 57.4 2.5
19.58 28.18 9.74 2.38 33.7 27.8 84.6 3.5
39.45 35.65 17.56 3.03 14.25 22.3 79.1 5.4
17.86 27.83 16.1 3.09 24.95 26.5 75.2 3.2
24.6 22.99 19.62 2.05 21.87 24.0 57.4 1.1
29.51 31.38 26.79 2.21 33.33 26.6 79.9 2.3
21.87 25.43 26.5 2.3 31.88 24.2 59.2 3.4
13.94 36.62 24.59 2.12 23.99 25.6 50.6 1.3
23.91 29.77 6.21 1.87 33.2 20.7 59.3 2.5
17.62 41.7 21.14 2.55 30.77 16.2 65.6 4.7
21.48 20.12 5.79 2.34 30.48 19.4 50.3 5.3
32.04 26.7 9.14 1.54 10.05 27.5 75.2 4.4
24.02 18.51 10.05 2.56 24.29 26.1 67.6 3.9
31.18 20.97 23.4 2.58 16.02 21.7 53.4 5.3
24.0 43.67 25.32 2.61 31.51 18.4 73.4 3.3
34.63 18.44 15.36 2.81 20.29 17.2 68.5 4.1
23.47 17.51 12.59 1.98 12.38 20.9 67.6 2.5
30.53 33.55 24.89 2.49 8.82 21.0 62.9 1.3
28.89 44.16 11.92 2.05 23.86 17.1 65.5 3.0
12.83 24.14 23.59 2.9 11.68 25.3 70.8 1.7
21.46 36.22 5.12 1.92 22.79 24.8 68.3 4.6
32.92 27.96 8.97 1.6 16.29 22.4 82.5 5.4
22.93 34.89 24.84 1.86 8.94 18.7 75.5 2.4
18.22 21.23 24.46 2.36 20.72 22.7 74.7 5.0
Quitumbe
23.22 38.61 21.2 2.27 26.82 25.2 72.4 4.1
37.01 22.13 11.35 2.92 28.11 20.6 75.9 5.1
17.03 33.14 17.18 2.61 33.0 24.5 83.5 2.5
35.0 17.79 25.23 3.1 12.98 18.9 77.7 1.2
16.31 39.45 27.5 1.63 11.41 19.8 75.7 4.6
34.24 39.31 28.14 1.53 34.28 21.7 73.8 3.1
14.77 30.59 7.56 3.4 19.69 27.7 55.0 2.1
19.59 25.59 9.74 3.36 27.29 24.1 57.6 1.5
24.38 34.63 18.69 2.97 28.3 23.9 65.0 3.0
30.93 34.52 28.6 2.26 28.11 15.9 83.5 3.5
14.31 24.25 5.2 2.7 19.11 17.8 62.0 4.5
15.46 39.87 24.63 2.84 23.11 17.1 69.0 5.2
28.87 22.63 28.97 2.35 17.82 21.6 70.4 3.1
30.46 35.7 17.67 2.65 11.66 24.5 77.9 1.3
14.97 42.75 14.31 1.81 34.94 22.2 76.0 3.6
14.68 37.24 23.15 2.79 27.72 21.8 83.8 5.7
35.42 28.63 6.0 2.34 10.44 16.1 56.6 1.7
13.03 33.14 5.93 2.22 30.23 25.6 62.3 1.2
25.66 17.44 10.05 2.61 19.44 24.3 82.7 3.5
27.05 15.25 18.31 2.96 34.64 21.0 68.2 2.4
21.65 18.61 19.5 2.63 10.45 16.2 54.3 1.8
18.9 34.99 22.62 3.01 9.98 23.8 50.5 4.8
20.37 26.54 24.27 2.98 25.21 15.8 57.2 3.0
28.67 29.05 29.12 1.72 19.52 17.2 69.0 1.9
39.65 22.34 25.39 2.71 10.92 17.9 63.5 1.8
21.21 17.72 18.99 2.22 20.62 25.8 63.2 4.0
19.4 37.68 13.73 2.28 23.04 25.0 58.5 3.0
31.24 29.18 13.18 2.88 24.79 15.7 59.2 5.5
39.47 38.71 26.38 2.27 21.75 25.4 69.1 3.5
23.18 17.32 22.24 2.46 17.49 27.1 69.5 2.5
32.06 16.47 22.55 2.1 17.39 19.4 80.4 2.2
25.13 43.14 21.2 3.17 25.05 22.4 79.0 1.3
20.84 19.2 19.38 2.54 28.21 20.1 55.7 5.9
31.96 24.92 28.13 3.49 26.83 24.6 63.8 3.8
35.57 27.64 24.04 3.19 25.22 17.3 72.1 2.4
12.32 15.38 22.19 3.25 10.3 27.8 54.0 5.9
13.17 42.38 23.17 3.32 8.98 23.6 55.4 4.6
30.67 27.15 6.9 3.01 23.93 22.3 82.5 1.8
24.82 25.54 20.68 3.46 14.61 22.4 75.8 2.5
15.04 17.1 11.4 2.09 19.15 26.1 65.4 2.6
20.41 23.89 29.27 1.56 26.1 27.7 83.6 5.6
26.44 21.94 7.09 1.66 20.72 15.1 61.9 5.6
23.48 42.46 9.77 1.56 11.93 23.3 81.7 1.6
13.0 17.05 10.06 2.27 29.88 22.6 63.0 2.7
36.16 17.92 12.06 2.12 9.64 19.9 57.3 1.1
19.72 31.45 21.31 2.58 31.37 17.9 53.3 1.2
39.54 37.77 9.11 2.95 18.01 24.9 60.8 1.2
25.7 30.65 7.41 2.25 32.57 17.0 67.2 1.5
38.58 24.12 19.57 3.16 18.14 20.3 51.6 1.6
39.03 28.14 15.79 1.69 13.67 24.7 69.9 5.1
10.56 44.42 21.07 1.99 31.99 15.1 66.2 1.6
18.19 36.15 7.66 3.1 17.34 24.2 59.9 3.3
12.52 33.08 11.82 2.15 33.56 24.6 57.2 1.3
29.13 21.84 9.5 2.76 21.59 16.6 56.7 3.9
10.28 29.53 20.28 2.33 24.49 21.8 78.2 3.2
29.92 19.13 25.96 1.53 13.53 21.0 69.2 1.6
32.28 38.52 23.41 3.46 19.93 23.0 58.6 5.1
39.35 22.51 18.84 2.42 22.38 19.0 67.5 2.7
23.07 42.31 7.95 3.46 34.92 21.0 70.2 3.1
37.78 29.96 15.71 1.7 31.96 15.3 57.2 3.3
18.83 31.25 14.27 2.22 30.12 21.6 56.4 1.4
19.52 16.74 12.62 2.55 15.88 16.8 70.5 5.4
21.27 16.22 7.82 2.81 30.61 27.1 65.7 2.5
25.19 24.72 28.38 2.79 34.85 25.6 70.0 2.3
26.37 21.31 11.29 2.67 12.16 24.2 56.4 2.4
20.99 31.21 10.82 2.43 31.66 21.0 65.8 5.1
11.78 30.52 10.05 1.8 13.09 15.9 67.5 2.8
39.99 23.68 29.85 3.38 14.77 20.8 76.4 6.0
22.16 28.51 6.75 2.7 33.44 25.0 70.5 1.0
10.56 38.76 18.94 3.0 29.0 23.3 63.6 5.9
37.42 44.32 26.15 1.91 21.71 21.0 59.1 4.7
12.93 24.92 27.8 3.28 12.0 26.1 73.1 3.3
19.39 31.89 10.32 2.16 20.49 17.4 70.0 4.0
38.65 36.97 5.92 1.64 25.09 21.5 75.8 5.5
19.59 29.82 13.32 2.96 12.02 16.0 52.2 5.8
35.84 40.58 29.57 1.57 17.82 22.9 65.5 4.4
35.92 36.54 23.7 3.22 31.2 20.3 70.6 3.8
27.94 33.46 12.97 1.93 13.16 24.9 74.6 5.2
33.51 33.21 8.67 1.91 18.84 26.5 59.7 5.5
21.98 30.5 24.81 3.39 14.15 20.4 82.4 1.3
35.31 31.43 21.0 2.8 16.6 22.0 68.8 1.9
15.26 33.31 7.57 1.91 18.74 27.8 65.4 2.0
27.12 22.95 17.58 3.26 11.74 26.8 56.8 1.5
23.35 23.76 25.7 2.31 19.63 22.4 57.6 4.3
30.71 28.2 7.37 1.94 27.34 21.8 60.8 3.6
14.34 40.16 13.71 2.67 29.07 20.3 77.8 1.4
38.33 42.26 29.42 2.23 34.32 22.9 68.3 5.4
21.71 28.89 29.55 3.05 27.09 16.4 64.7 1.7
27.27 25.32 25.4 1.73 9.44 22.0 56.5 3.6
26.67 38.01 17.77 2.0 21.09 27.0 50.2 3.7
10.78 37.36 27.82 2.04 16.7 17.7 78.7 5.7
35.11 31.45 26.28 2.74 12.39 24.8 51.8 1.1
20.74 29.7 23.18 1.78 23.17 15.1 60.5 4.0
11.07 22.76 11.89 3.21 20.78 25.4 84.3 2.4
10.05 24.34 18.59 3.25 23.04 17.0 73.8 1.4
24.64 30.99 13.53 1.7 24.59 18.1 59.1 6.0
23.56 18.69 13.16 2.27 26.86 19.3 68.9 5.3
31.36 34.3 19.02 2.4 30.25 26.8 81.4 1.9
11.29 37.8 17.28 2.84 27.36 23.7 57.0 2.6
18.47 24.83 22.45 1.57 20.42 18.4 71.4 5.9
13.27 36.66 25.27 3.22 21.21 18.2 84.4 5.1
25.02 37.42 14.95 1.79 17.64 19.4 81.9 2.5
26.75 28.94 18.98 1.95 29.26 22.7 70.9 4.2
31.54 44.7 11.88 2.7 29.68 15.9 68.7 4.0
10.97 37.51 21.81 2.0 12.43 26.4 82.4 2.5
25.7 20.23 23.66 2.75 15.5 25.7 50.8 1.4
17.01 21.54 22.25 2.29 23.43 18.5 51.8 4.3
23.79 31.86 8.93 1.68 17.17 16.2 58.0 2.2
24.75 35.79 10.84 1.68 15.75 22.8 57.9 4.3
35.8 29.22 12.23 2.97 18.66 24.0 77.6 3.7
18.37 30.49 21.26 3.09 13.69 20.5 70.1 3.6
20.3 21.17 17.97 3.33 29.75 25.0 83.8 5.8
12.36 31.46 27.67 2.96 25.15 25.0 83.3 4.7
33.27 26.41 19.84 1.75 9.6 26.7 67.3 4.2
11.87 19.5 28.86 1.6 32.23 25.4 58.6 2.5
17.8 37.73 23.43 3.4 16.13 17.2 58.4 5.1
25.12 38.66 17.45 2.88 12.98 22.5 70.0 2.9
17.81 28.98 24.82 2.36 22.58 15.7 69.4 3.2
38.34 44.09 28.94 2.95 20.68 25.6 83.1 4.1
30.88 25.0 24.9 3.23 26.68 17.8 84.5 2.0
12.45 32.9 8.76 1.71 33.62 25.0 62.0 3.1
22.04 29.46 19.74 3.0 25.35 21.9 79.3 2.7
29.95 31.29 8.47 2.62 9.58 17.0 61.7 4.7
21.28 28.79 28.09 2.24 20.52 19.2 71.0 4.2
33.34 32.6 17.72 1.76 34.67 15.7 77.0 2.5
37.55 41.84 11.89 2.73 11.13 16.3 82.7 4.2
30.69 24.02 26.93 1.92 30.46 27.6 54.5 2.3
12.43 17.31 12.52 3.46 20.92 16.6 50.7 2.3
25.05 44.72 7.43 1.68 11.28 18.7 79.9 1.7
28.12 44.58 9.45 2.08 34.79 16.3 50.8 2.2
10.4 28.95 22.39 2.87 15.28 15.4 62.4 2.0
20.77 39.6 29.02 2.41 23.56 19.6 70.4 5.3
13.55 17.27 9.08 3.37 15.43 17.0 58.5 2.0
17.2 39.66 24.03 2.4 29.76 16.6 64.8 2.2
16.21 38.38 28.32 3.24 12.13 16.4 74.6 5.1
38.86 40.83 11.82 3.16 23.35 16.0 67.5 4.6
38.8 24.11 7.86 3.3 24.57 16.7 76.3 5.5
39.99 29.87 27.55 3.16 9.58 21.5 65.9 2.3
10.13 17.95 5.81 3.03 14.31 16.6 79.0 1.9
27.24 18.78 23.46 3.02 17.71 20.2 59.5 2.4
15.93 28.17 18.85 3.28 30.78 21.2 76.0 4.1
20.39 39.15 15.31 3.4 24.19 24.7 74.1 2.0
21.94 30.51 7.99 3.35 26.11 22.6 51.5 5.9
10.23 29.56 5.41 3.02 28.28 26.9 79.4 1.9
30.6 30.24 16.86 1.73 12.91 15.9 60.4 1.1
27.43 38.12 16.93 2.51 30.82 26.6 71.5 5.2
15.23 40.22 17.21 1.56 34.69 25.0 76.8 2.0
23.33 27.84 10.58 2.78 18.28 16.7 80.7 1.9
33.59 32.37 18.55 1.68 24.89 27.1 55.4 2.3
13.21 19.26 15.54 1.72 30.84 22.0 51.2 3.0
11.32 18.84 26.51 2.77 23.22 27.3 73.9 1.9
25.14 42.77 24.21 2.09 21.77 23.6 63.6 3.5
29.44 40.28 29.74 2.49 12.14 16.0 52.3 1.6
27.42 27.11 6.53 2.51 18.61 18.4 51.0 4.2
13.14 16.71 22.59 1.84 25.46 16.3 64.5 1.8
21.82 19.15 12.16 3.09 23.88 27.9 82.6 4.2
37.45 30.59 8.56 2.92 23.24 17.8 78.1 4.1
29.43 44.06 13.45 3.21 10.52 16.5 67.6 4.9
15.75 30.55 11.43 2.31 14.74 23.3 52.0 4.8
24.05 22.68 7.67 3.27 11.81 26.7 70.7 4.6
19.31 41.59 27.56 1.65 26.64 22.4 57.6 5.9
12.77 19.12 26.03 1.72 16.06 23.0 53.3 4.3
27.26 38.56 10.06 1.72 8.52 26.7 70.7 3.2
11.27 18.42 18.12 1.78 30.39 16.1 58.1 2.0
28.06 20.18 11.74 2.61 17.02 19.5 64.4 2.4
29.04 22.68 20.84 3.49 23.91 21.0 76.4 4.9
38.09 15.97 10.66 3.24 20.69 19.4 56.0 3.2
11.31 41.61 21.7 2.0 28.61 25.0 71.4 4.9
25.01 26.37 21.06 2.84 28.5 22.0 51.9 4.6
31.25 41.58 9.77 3.13 29.22 22.4 66.4 1.2
26.19 22.82 13.35 1.79 14.88 20.6 70.6 4.9
23.09 29.55 29.55 2.44 9.76 27.8 53.6 2.6
20.38 44.41 26.28 3.15 8.66 18.4 57.8 4.6
25.65 24.5 17.28 2.09 14.12 16.5 61.2 1.4
18.95 30.58 28.06 3.39 21.76 15.6 54.0 4.8
17.48 43.15 15.34 2.61 11.48 27.9 74.0 2.4
12.17 22.55 11.55 2.94 31.69 15.4 71.2 2.8
25.85 40.43 12.56 3.37 32.92 21.0 55.0 2.2
23.85 17.9 7.06 2.83 11.53 15.2 75.6 1.7
22.09 16.07 9.39 3.22 23.62 27.0 83.9 4.1
23.59 36.08 24.32 2.46 19.68 20.5 65.0 2.9
20.72 28.5 28.79 2.79 9.98 19.4 77.8 2.5
33.26 16.35 21.9 2.91 13.63 23.0 56.3 4.8
15.62 21.79 29.15 2.03 28.68 27.2 63.2 1.5
37.28 25.58 29.78 2.49 24.42 22.5 50.3 3.9
19.49 15.04 20.56 1.63 34.39 15.3 72.2 4.8
27.2 20.01 21.51 3.33 27.77 21.4 67.4 5.3
23.38 39.74 23.65 1.54 30.64 25.0 75.3 1.5
19.61 25.37 13.16 3.19 16.91 25.6 67.0 1.4
10.14 16.68 24.54 2.93 30.13 19.2 58.4 5.2
17.01 19.14 23.83 1.62 27.67 26.3 67.1 1.2
14.79 33.85 10.04 2.17 26.96 27.7 83.7 4.3
23.26 40.68 21.55 2.45 29.46 20.2 80.5 5.2
27.04 16.42 19.42 1.6 25.42 25.3 57.2 1.5
27.0 44.38 22.57 3.14 11.06 15.4 64.1 4.5
38.17 33.76 24.45 1.74 12.99 25.3 65.9 4.0
13.75 22.26 23.8 2.96 22.41 19.2 60.4 5.9
22.21 23.75 25.23 1.95 13.76 27.7 85.0 5.8
37.68 38.95 15.82 2.85 25.74 15.2 72.4 2.6
33.6 21.97 6.78 2.21 10.4 22.5 53.4 3.7
23.21 24.63 9.93 3.39 23.03 23.9 75.3 3.9
30.5 34.5 7.06 2.22 14.28 23.1 62.1 3.0
20.0 35.25 10.33 1.55 17.52 26.6 56.4 2.2
13.66 24.42 7.72 3.24 20.99 16.1 55.0 2.5
29.91 42.21 22.42 2.26 29.93 19.0 54.0 3.8
26.96 20.12 7.17 3.17 20.01 18.0 75.3 4.6
32.82 40.29 19.62 2.47 31.63 21.9 69.9 1.8
35.58 26.37 14.14 2.75 25.56 21.7 81.0 2.9
25.66 22.56 6.18 1.95 31.15 16.0 57.2 1.3
29.28 20.42 29.56 3.06 26.58 23.6 64.5 4.0
13.85 19.59 27.49 2.94 19.41 15.5 56.9 4.7
12.94 27.27 27.55 3.17 8.39 16.0 74.3 1.1
18.81 31.48 21.58 3.23 19.5 25.0 62.4 3.9
33.01 18.29 21.38 2.3 15.9 16.9 63.0 3.7
36.21 37.32 27.38 2.01 9.7 15.5 50.3 3.5
36.59 36.11 12.58 2.43 20.27 21.2 84.1 4.9
12.52 27.02 12.46 3.31 20.21 20.5 73.4 2.9
38.6 23.71 21.73 3.06 17.95 27.2 61.8 1.5
36.2 36.39 9.03 2.09 25.17 17.6 53.1 4.0
26.88 21.12 27.76 2.19 26.48 18.7 72.1 4.9
19.28 42.67 8.21 1.52 8.8 16.3 84.6 2.5
26.83 40.81 9.19 2.43 15.78 24.6 65.6 4.5
18.13 29.01 16.86 2.24 23.69 27.7 52.8 2.0
24.56 19.76 8.47 1.66 21.19 17.1 81.6 3.3
39.8 38.41 27.32 1.57 21.61 22.6 77.6 5.0
32.07 20.53 21.94 3.31 34.93 17.1 53.0 3.8
11.67 22.57 10.18 3.41 11.4 16.0 50.8 3.4
20.58 17.93 28.09 3.17 15.44 24.4 50.5 5.4
25.17 35.21 26.76 2.79 31.53 25.6 56.7 4.6
30.38 19.11 14.8 2.59 19.72 21.8 51.2 4.4
27.88 16.98 11.62 2.7 17.31 19.4 75.4 3.5
10.16 17.97 16.36 2.21 9.96 23.0 72.7 4.2
23.93 36.04 10.51 2.42 24.74 17.8 83.5 1.2
19.89 39.41 19.06 3.43 10.69 22.3 66.5 5.3
18.68 33.29 19.87 2.59 25.09 25.3 64.6 1.3
16.02 42.66 7.69 3.1 25.98 19.0 81.1 1.3
33.77 15.61 22.26 3.34 27.87 15.8 61.7 1.6
37.44 30.55 27.92 1.59 13.93 25.2 52.1 2.4
12.35 20.14 13.32 2.64 23.53 25.7 77.0 2.5
35.0 36.89 9.9 2.5 9.15 19.2 80.4 2.4
32.06 31.13 15.85 2.52 8.02 21.9 82.5 2.1
32.01 43.46 18.3 1.79 32.32 22.0 56.3 1.5
33.52 33.45 6.65 3.16 24.53 25.3 54.9 1.5
33.96 18.79 21.45 2.18 21.08 22.1 64.9 2.9
38.69 33.23 22.07 2.07 20.57 18.0 69.4 3.6
31.33 31.32 11.89 2.73 22.57 27.4 51.0 5.4
30.61 33.95 7.71 2.17 13.67 23.9 69.9 1.6
27.75 26.1 11.13 2.38 16.42 23.1 52.9 3.7
31.51 30.12 12.13 3.03 12.64 22.1 58.4 2.9
19.69 16.87 11.31 2.77 33.42 15.1 83.8 1.8
27.27 25.83 26.97 2.0 22.67 25.6 74.4 1.9
19.86 26.01 19.58 2.0 10.1 20.0 59.8 2.7
10.07 32.27 11.01 2.57 19.76 19.7 60.4 1.2
37.9 26.07 11.21 2.55 15.5 24.5 71.8 2.0
24.53 39.04 5.34 2.04 14.9 20.5 66.6 5.3
19.09 22.7 22.33 2.25 8.35 26.2 55.6 3.1
14.07 23.22 17.17 2.29 22.47 24.3 57.9 3.5
37.72 34.4 29.61 2.44 9.67 15.4 69.1 2.3
17.31 37.58 6.95 2.89 26.68 26.8 78.7 1.1
29.68 20.9 8.92 2.67 14.19 26.5 57.8 1.1
25.8 36.88 29.47 2.44 29.52 23.5 82.9 2.7
11.02 35.54 26.35 2.06 25.69 17.9 75.9 5.9
20.79 15.1 22.25 1.89 29.44 20.7 60.7 5.6
20.59 28.31 7.44 2.54 14.77 27.4 54.6 3.6
10.38 19.09 5.67 1.69 32.03 20.7 63.0 3.7
17.02 42.34 12.32 3.3 10.42 19.5 61.1 4.4
28.51 24.35 18.54 3.49 34.01 22.1 75.4 4.3
34.23 18.1 13.09 2.8 10.12 16.2 57.0 1.4
20.77 24.09 20.66 3.44 8.57 22.5 62.8 4.4
19.77 26.58 8.53 3.31 21.53 26.3 50.7 3.7
18.12 19.23 13.63 3.02 14.86 22.4 82.0 4.1
10.87 33.95 19.05 1.83 12.62 19.3 67.0 2.4
32.28 23.4 14.12 2.01 34.73 19.0 52.1 2.7
12.53 26.94 23.59 1.91 11.85 25.2 63.3 4.7
28.14 27.18 13.22 2.06 10.61 19.4 75.5 2.8
13.38 20.02 5.31 1.9 28.51 25.1 84.4 4.0
28.92 35.74 29.6 2.17 24.15 25.0 54.0 4.7
38.55 27.63 12.23 2.99 22.93 24.6 82.8 3.6
22.19 20.46 23.08 2.31 16.8 15.5 83.1 4.7
35.87 16.44 28.52 2.72 15.0 20.7 66.0 2.6
27.15 35.86 19.26 1.63 28.26 21.5 60.8 1.9
32.31 23.45 18.29 3.07 16.23 27.2 52.9 5.8
23.9 36.23 6.59 2.63 15.94 24.1 71.3 1.8
21.83 44.0 9.47 2.78 28.11 22.9 75.5 4.1
22.86 36.27 10.85 2.25 24.26 26.1 62.3 2.0
23.04 42.91 23.85 3.23 19.18 26.6 79.6 5.2
27.78 41.92 13.91 2.18 16.72 17.5 68.2 5.2
17.32 26.67 9.01 2.9 31.35 25.4 82.5 3.3
22.66 24.78 16.1 3.11 26.97 27.5 65.8 5.3
17.33 16.18 13.53 1.51 16.73 20.0 66.0 1.1
14.0 27.18 26.27 1.64 16.61 21.0 74.2 4.0
28.64 20.87 20.98 2.32 31.36 27.1 51.3 3.7
27.05 33.4 20.18 3.24 24.57 27.2 78.5 4.8
20.14 15.84 20.77 3.07 21.9 22.7 57.8 4.3
15.01 36.74 7.66 2.3 33.27 24.4 51.9 5.4
13.23 43.25 12.69 2.56 26.57 17.1 62.8 4.0
17.59 36.54 11.95 2.46 19.59 25.3 51.0 4.0
12.43 35.85 27.03 1.62 18.64 24.6 74.0 4.9
31.34 34.11 10.16 3.32 19.89 22.5 51.0 3.4
25.39 39.86 26.07 1.53 25.74 20.3 77.0 5.4
10.63 30.79 20.24 3.27 24.36 27.6 52.7 5.3
24.78 23.38 7.52 3.12 23.89 15.2 58.6 1.0
10.57 26.91 11.55 2.19 14.65 19.7 70.4 3.9
21.7 20.32 20.33 2.69 24.41 26.6 77.4 3.9
24.97 39.38 12.0 3.35 29.56 22.5 69.1 4.4
23.62 21.2 10.77 2.74 28.25 17.4 66.9 2.7
29.93 16.68 26.95 3.47 13.8 16.8 80.6 5.7
21.59 42.77 12.31 3.13 32.19 16.2 58.3 4.8
30.56 15.92 15.03 1.8 11.73 15.5 84.4 4.2
14.38 17.55 15.56 2.41 27.35 16.8 75.4 3.0
29.65 35.32 18.06 2.31 18.37 25.0 53.9 5.4
24.62 18.3 8.67 3.37 19.71 21.4 77.6 5.1
11.21 27.61 22.24 1.61 34.89 24.4 54.6 1.3
12.35 31.99 9.77 2.08 30.0 17.3 59.1 4.5
31.79 17.31 10.99 2.52 28.91 25.1 51.6 1.5
11.23 41.08 18.93 3.14 9.11 24.4 82.0 2.6
39.66 34.02 19.04 3.46 19.43 21.1 54.2 6.0
36.68 32.28 22.94 3.23 24.61 26.8 78.1 5.1
37.83 20.71 21.2 3.05 8.21 17.1 83.9 4.3
11.46 22.59 20.65 2.39 22.11 23.5 57.9 4.4
22.76 31.29 28.2 3.32 10.6 24.0 64.6 5.6
36.84 28.74 17.86 1.87 10.29 18.5 76.5 4.1
33.18 40.82 23.12 2.75 25.79 18.1 81.6 3.6
30.68 37.16 5.51 1.83 20.73 19.4 63.6 4.3
16.49 42.78 13.47 1.9 31.17 27.0 56.1 2.1
17.38 22.45 22.57 1.86 11.51 16.2 63.3 1.3
36.07 42.04 13.12 2.81 19.32 16.2 80.1 2.3
12.11 27.7 20.77 3.36 17.88 18.1 77.4 3.0
34.69 26.93 26.08 2.54 34.45 16.9 75.5 4.4
28.09 36.41 12.92 2.99 12.79 21.4 52.9 2.3
36.15 16.27 26.69 2.26 10.54 15.3 64.1 1.0
10.18 23.88 15.42 2.11 22.15 21.8 64.7 2.8
31.15 28.24 26.11 3.1 13.04 16.0 72.1 3.0
17.66 39.6 6.23 2.08 13.86 18.0 53.4 1.1
33.78 24.11 20.03 3.39 8.25 22.3 81.4 3.2
19.68 29.26 29.87 2.56 25.1 20.6 65.4 4.9
36.41 15.75 26.12 2.28 12.04 25.2 72.3 1.5
29.93 36.21 25.45 1.85 20.21 16.4 50.2 4.3
34.66 16.78 24.17 2.41 15.03 25.7 57.2 1.8
13.85 21.6 22.13 3.32 16.59 27.9 74.0 5.4
31.85 22.15 7.77 2.15 23.6 17.5 61.5 2.7
28.83 32.58 15.49 3.41 33.13 24.7 59.1 4.7
16.89 37.16 13.57 3.17 24.78 25.8 63.3 5.1
39.65 15.41 20.79 2.46 13.73 17.4 68.3 5.3
25.34 20.06 7.83 2.2 34.91 18.2 84.0 2.2
28.1 31.89 17.14 3.38 14.8 17.0 76.9 5.6
24.95 33.68 7.27 3.49 29.19 15.2 71.4 3.8
10.47 21.54 27.8 3.26 19.29 16.9 64.6 1.8
16.65 33.21 19.94 2.76 22.21 15.4 66.4 3.3
28.25 28.9 12.44 3.19 19.18 19.9 55.8 4.2
34.6 30.16 14.76 3.23 17.63 15.8 62.7 2.3
21.04 16.01 14.73 2.98 9.72 19.1 75.4 3.3
22.16 44.23 27.44 2.06 12.3 19.8 57.3 2.1
32.39 25.69 29.2 2.41 24.31 15.8 79.7 3.5
20.34 23.56 5.03 2.87 23.71 21.8 72.5 4.0
16.39 25.72 26.87 2.49 13.21 24.8 54.0 5.8
16.48 37.63 6.27 2.52 34.71 23.1 60.5 1.8
28.8 18.22 11.48 3.07 27.11 20.6 59.4 4.7
23.47 41.81 22.05 1.93 18.72 21.8 80.5 3.8
15.58 37.91 14.28 2.84 12.13 23.8 54.0 1.2
